06/30/13|11:27:15,467132 |4475|41235139386|41060792568|41060792618|41235391605
06/30/13|11:27:16,207837 |75|41236174706|41061621416|41061621459|41236206886
06/30/13|11:27:17,419145 |4475|41237177005|41062818417|41062818470|41237417861
06/30/13|11:27:18,265284 |75|41238231286|41063678157|41063678214|41238264033
06/30/13|11:27:19,490653 |4475|41239233537|41064889866|41064889917|41239489346
06/30/13|11:27:20,303919 |75|41240270759|41065717649|41065717692|41240302499
06/30/13|11:27:21,515841 |4475|41241273120|41066915043|41066915094|41241514299
06/30/13|11:27:22,315379 |75|41242281361|41067728453|41067728493|41242314015
06/30/13|11:27:23,537679 |4475|41243283769|41068936967|41068937016|41243536362
06/30/13|11:27:24,366870 |75|41244332088|41069777690|41069777729|41244365369
06/30/13|11:27:25,566789 |4475|41245334358|41070966144|41070966207|41245565481
06/30/13|11:27:26,378264 |75|41246344834|41071791310|41071791350|41246377034
06/30/13|11:27:27,596511 |4475|41247346849|41072996715|41072996767|41247595563
06/30/13|11:27:28,422338 |75|41248388879|41073835188|41073835227|41248421067
06/30/13|11:27:29,640850 |4475|41249391475|41075040446|41075040497|41249639932
06/30/13|11:27:30,432573 |75|41250399979|41075845832|41075845875|41250431309
06/30/13|11:27:31,644470 |4475|41251402472|41077043026|41077043077|41251642653
06/30/13|11:27:32,441765 |75|41252409151|41077855143|41077855184|41252440570
06/30/13|11:27:33,659515 |4475|41253411547|41079059068|41079059116|41253657989
06/30/13|11:27:34,462376 |75|41254428737|41079875221|41079875264|41254460616
06/30/13|11:27:35,686483 |4475|41255431378|41081086002|41081086051|41255685234
06/30/13|11:27:36,506536 |75|41256474326|41081919933|41081919976|41256505138
06/30/13|11:27:37,786657 |4475|41257476690|41083185937|41083185984|41257785391
06/30/13|11:27:39,168513 |75|41258480156|41083927393|41083927436|41259167246
06/30/13|11:27:39,727352 |4475|41259482042|41085127434|41085127481|41259726489
06/30/13|11:27:40,540850 |75|41260508710|41085954115|41085954160|41260539619
06/30/13|11:27:41,765390 |4475|41261511030|41087165161|41087165208|41261764534
06/30/13|11:27:42,551954 |75|41262516690|41087964662|41087964705|41262550555
06/30/13|11:27:43,771483 |4475|41263519187|41089170965|41089171012|41263770311
06/30/13|11:27:44,555473 |75|41264522258|41089968666|41089968711|41264554182
06/30/13|11:27:45,776000 |4475|41265523915|41091175615|41091175665|41265774761
06/30/13|11:27:46,557914 |75|41266525566|41091971534|41091971577|41266557042
06/30/13|11:27:47,780037 |4475|41267528079|41093179778|41093179829|41267779138
06/30/13|11:27:48,583837 |75|41268551252|41093996386|41093996428|41268582392
06/30/13|11:27:49,795795 |4475|41269553762|41095195705|41095195762|41269794822
06/30/13|11:27:50,590846 |75|41270555696|41096002185|41096002232|41270589573
06/30/13|11:27:51,795156 |4475|41271557766|41097194448|41097194498|41271793862
06/30/13|11:27:52,593666 |75|41272560167|41098006355|41098006397|41272592429
06/30/13|11:27:53,816724 |4475|41273562336|41099216569|41099216619|41273815871
06/30/13|11:27:54,670483 |75|41274636840|41100083475|41100083516|41274669129
06/30/13|11:27:55,892062 |4475|41275639373|41101291793|41101291846|41275891207
06/30/13|11:27:56,720691 |75|41276688786|41102133578|41102133620|41276719324
06/30/13|11:27:57,944190 |4475|41277691359|41103343838|41103343890|41277943322
06/30/13|11:27:58,756372 |75|41278724573|41104169611|41104169681|41278755014
06/30/13|11:27:59,972229 |4475|41279726949|41105371842|41105371897|41279971375
06/30/13|11:28:00,763929 |75|41280731221|41106176986|41106177030|41280762481
06/30/13|11:28:01,988946 |4475|41281733227|41107387553|41107387604|41281987704
06/30/13|11:28:02,804567 |75|41282772940|41108218219|41108218259|41282803277
06/30/13|11:28:04,018513 |4475|41283775389|41109418021|41109418069|41284017659
06/30/13|11:28:04,813305 |75|41284780439|41110226100|41110226143|41284811932
06/30/13|11:28:06,033425 |4475|41285783003|41111433491|41111433542|41286032446
06/30/13|11:28:06,857511 |75|41286825022|41112270148|41112270203|41286856165
06/30/13|11:28:08,070108 |4475|41287827392|41113470039|41113470086|41288069243
06/30/13|11:28:08,865211 |75|41288831384|41114278207|41114278250|41288863826
06/30/13|11:28:10,079606 |4475|41289833695|41115479942|41115479990|41290078750
06/30/13|11:28:10,935595 |75|41290903270|41116349415|41116349499|41290934642
06/30/13|11:28:12,193355 |4475|41291905494|41117592756|41117592863|41292192396
06/30/13|11:28:12,941614 |75|41292908115|41118354349|41118354423|41292940382
06/30/13|11:28:14,157893 |4475|41293910446|41119557314|41119557368|41294156649
06/30/13|11:28:14,956287 |75|41294921835|41120367758|41120367804|41294955056
06/30/13|11:28:16,160050 |4475|41295924136|41121559808|41121559858|41296158796
06/30/13|11:28:16,964151 |75|41296931229|41122377376|41122377422|41296962740
06/30/13|11:28:18,174954 |4475|41297933783|41123574949|41123575000|41298174025
06/30/13|11:28:18,967916 |75|41298935781|41124381014|41124381055|41298966690
06/30/13|11:28:20,192544 |4475|41299938161|41125591852|41125591906|41300191598
06/30/13|11:28:21,008739 |75|41300976837|41126422217|41126422258|41301007517
06/30/13|11:28:22,232296 |4475|41301979256|41127632024|41127632076|41302231364
06/30/13|11:28:23,053505 |75|41303019630|41128466243|41128466282|41303052255
06/30/13|11:28:24,277479 |4475|41304021989|41129677002|41129677052|41304276532
06/30/13|11:28:25,091566 |75|41305058500|41130504782|41130504824|41305090305
06/30/13|11:28:26,315495 |4475|41306060907|41131714808|41131714860|41306314505
06/30/13|11:28:27,129422 |75|41307096472|41132542507|41132542549|41307128163
06/30/13|11:28:28,351105 |4475|41308099018|41133750665|41133750716|41308349969
06/30/13|11:28:29,171148 |75|41309138271|41134584107|41134584149|41309169854
06/30/13|11:28:30,376194 |4475|41310140371|41135775547|41135775599|41310375256
06/30/13|11:28:31,182450 |75|41311149321|41136595132|41136595173|41311181215
06/30/13|11:28:32,407090 |4475|41312151656|41137805951|41137806001|41312405448
06/30/13|11:28:33,234194 |75|41313200771|41138646787|41138646832|41313232954
06/30/13|11:28:34,448363 |4475|41314203178|41139847048|41139847096|41314446971
06/30/13|11:28:35,241687 |75|41315206353|41140654881|41140654928|41315240453
06/30/13|11:28:36,456951 |4475|41316208731|41141855970|41141856018|41316455610
06/30/13|11:28:37,267141 |75|41317234463|41142679952|41142679999|41317266128
06/30/13|11:28:38,486039 |4475|41318236445|41143885322|41143885370|41318484659
06/30/13|11:28:39,313845 |75|41319281798|41144726896|41144726940|41319313003
06/30/13|11:28:40,521856 |4475|41320283693|41145921071|41145921123|41320520500
06/30/13|11:28:41,321175 |75|41321288589|41146734527|41146734572|41321320328
06/30/13|11:28:42,543996 |4475|41322290967|41147942819|41147942868|41322542483
06/30/13|11:28:43,365288 |75|41323331178|41148778557|41148778600|41323364134
06/30/13|11:28:44,587365 |4475|41324333444|41149987149|41149987199|41324585957
06/30/13|11:28:45,397850 |75|41325360609|41150806736|41150806785|41325396617
06/30/13|11:28:46,618185 |4475|41326362961|41152016509|41152016561|41326616818
06/30/13|11:28:47,435159 |75|41327402772|41152848243|41152848288|41327433881
06/30/13|11:28:48,645298 |4475|41328405108|41154044180|41154044232|41328643970
06/30/13|11:28:49,440629 |75|41329408009|41154853798|41154853847|41329439404
06/30/13|11:28:50,662676 |4475|41330410447|41156061533|41156061589|41330661716
06/30/13|11:28:51,463977 |75|41331430055|41156876735|41156876777|41331462722
06/30/13|11:28:52,676892 |4475|41332431742|41158076586|41158076639|41332675954
06/30/13|11:28:53,496092 |75|41333462995|41158908891|41158908932|41333494841
06/30/13|11:28:54,715571 |4475|41334465336|41160111873|41160111925|41334714627
06/30/13|11:28:55,519016 |75|41335486779|41160932174|41160932217|41335517693
06/30/13|11:28:56,742682 |4475|41336489250|41162142394|41162142448|41336741715
06/30/13|11:28:57,560922 |75|41337526429|41162972596|41162972639|41337559073
06/30/13|11:28:58,769932 |4475|41338528362|41164169847|41164169929|41338769008
06/30/13|11:28:59,566095 |75|41339531461|41164977454|41164977497|41339565247
06/30/13|11:29:00,777617 |4475|41340533768|41166176759|41166176814|41340776645
06/30/13|11:29:01,572498 |75|41341539992|41166985609|41166985649|41341571240
06/30/13|11:29:02,795784 |4475|41342542546|41168195347|41168195397|41342794852
06/30/13|11:29:03,611863 |75|41343577747|41169024192|41169024236|41343610295
06/30/13|11:29:04,834293 |4475|41344580464|41170234164|41170234224|41344833351
06/30/13|11:29:05,658656 |75|41345624785|41171071364|41171071411|41345657381
06/30/13|11:29:06,870668 |4475|41346627111|41172270288|41172270337|41346869726
06/30/13|11:29:07,663215 |75|41347631199|41173075955|41173076000|41347661909
06/30/13|11:29:08,879522 |4475|41348633636|41174279056|41174279104|41348878203
06/30/13|11:29:09,675341 |75|41349642040|41175087958|41175088002|41349674073
06/30/13|11:29:10,895929 |4475|41350644401|41176294806|41176294857|41350894687
06/30/13|11:29:11,773968 |75|41351688797|41177186762|41177186805|41351772735
06/30/13|11:29:12,921749 |4475|41352691167|41178321044|41178321150|41352920897
06/30/13|11:29:13,736696 |75|41353704654|41179149631|41179149677|41353735453
06/30/13|11:29:14,947084 |4475|41354707306|41180346579|41180346628|41354946158
06/30/13|11:29:15,741242 |75|41355709271|41181154003|41181154049|41355739997
06/30/13|11:29:16,956703 |4475|41356711556|41182356598|41182356650|41356955762
06/30/13|11:29:17,756881 |75|41357724704|41183169840|41183169887|41357755652
06/30/13|11:29:18,970944 |4475|41358727294|41184370241|41184370292|41358969992
06/30/13|11:29:19,765039 |75|41359732752|41185177739|41185177778|41359763806
06/30/13|11:29:20,990225 |4475|41360735265|41186389079|41186389131|41360988843
06/30/13|11:29:21,805891 |75|41361769927|41187216790|41187216832|41361804716
06/30/13|11:29:23,022155 |4475|41362772267|41188420956|41188421006|41363020770
06/30/13|11:29:23,850054 |75|41363816477|41189262526|41189262564|41363849193
06/30/13|11:29:25,063637 |4475|41364818871|41190463012|41190463062|41365062703
06/30/13|11:29:25,863853 |75|41365831259|41191276520|41191276561|41365862563
06/30/13|11:29:27,085125 |4475|41366833595|41192484773|41192484825|41367084181
06/30/13|11:29:27,907507 |75|41367875068|41193320706|41193320748|41367906026
06/30/13|11:29:29,122516 |4475|41368877409|41194520811|41194520862|41369121567
06/30/13|11:29:29,912205 |75|41369881100|41195325560|41195325599|41369910948
06/30/13|11:29:31,139397 |4475|41370883585|41196539004|41196539054|41371138422
06/30/13|11:29:31,956115 |75|41371923405|41197368947|41197368992|41371954871
06/30/13|11:29:33,169877 |4475|41372925770|41198569792|41198569840|41373168956
06/30/13|11:29:33,980601 |75|41373947631|41199393101|41199393145|41373979208
06/30/13|11:29:35,211603 |4475|41374949961|41200610596|41200610646|41375210302
06/30/13|11:29:35,992095 |75|41375959314|41201404739|41201404781|41375990842
06/30/13|11:29:37,392354 |4475|41376961763|41202688951|41202689000|41377390994
06/30/13|11:29:38,906526 |75|41377981024|41203506070|41203506111|41378905522
06/30/13|11:29:39,223843 |4475|41378983221|41204622661|41204622708|41379222533
06/30/13|11:29:40,063701 |75|41380031672|41205476965|41205477007|41380062853
06/30/13|11:29:41,291109 |4475|41381033878|41206690311|41206690359|41381290237
06/30/13|11:29:42,102746 |75|41382070137|41207515339|41207515383|41382101446
06/30/13|11:29:43,318827 |4475|41383072539|41208718079|41208718125|41383317870
06/30/13|11:29:44,122808 |75|41384090214|41209535692|41209535736|41384121395
06/30/13|11:29:45,346684 |4475|41385092540|41210745148|41210745202|41385345329
06/30/13|11:29:46,159275 |75|41386127336|41211571747|41211571791|41386157850
06/30/13|11:29:47,372452 |4475|41387130223|41212771909|41212771959|41387371217
06/30/13|11:29:48,164144 |75|41388132162|41213576870|41213576909|41388162883
06/30/13|11:29:49,389158 |4475|41389134578|41214787769|41214787825|41389387772
06/30/13|11:29:50,205923 |75|41390172788|41215618536|41215618580|41390204685
06/30/13|11:29:51,416163 |4475|41391175174|41216815526|41216815577|41391415229
06/30/13|11:29:52,216466 |75|41392181180|41217626371|41217626412|41392214910
06/30/13|11:29:53,435614 |4475|41393183690|41218834527|41218834576|41393434255
06/30/13|11:29:54,260722 |75|41394227634|41219673299|41219673339|41394259479
06/30/13|11:29:55,478904 |4475|41395230247|41220877730|41220877783|41395477546
06/30/13|11:29:56,264777 |75|41396232150|41221677406|41221677447|41396263536
06/30/13|11:29:57,488193 |4475|41397234506|41222886644|41222886697|41397486840
06/30/13|11:29:58,309353 |75|41398275244|41223721991|41223722061|41398308180
06/30/13|11:29:59,525759 |4475|41399277419|41224924206|41224924259|41399524337
06/30/13|11:30:00,347834 |75|41400314355|41225759732|41225759780|41400346549
06/30/13|11:30:01,561067 |4475|41401316659|41226960047|41226960095|41401560124
06/30/13|11:30:02,364681 |75|41402331147|41227777122|41227777167|41402363442
06/30/13|11:30:03,586567 |4475|41403333403|41228985632|41228985678|41403585610
06/30/13|11:30:04,403244 |75|41404370384|41229815648|41229815691|41404401972
06/30/13|11:30:05,612912 |4475|41405372044|41231011986|41231012037|41405612000
06/30/13|11:30:06,412242 |75|41406381056|41231825394|41231825437|41406411020
06/30/13|11:30:07,632379 |4475|41407383505|41233030832|41233030880|41407630944
06/30/13|11:30:08,434181 |75|41408400689|41233846874|41233846917|41408432941
06/30/13|11:30:09,656522 |4475|41409403084|41235055584|41235055633|41409655588
06/30/13|11:30:10,483494 |75|41410448779|41235894825|41235894870|41410482194
06/30/13|11:30:11,761853 |4475|41411451260|41237161448|41237161495|41411760901
06/30/13|11:30:12,521486 |75|41412488716|41237933770|41237933865|41412520241
06/30/13|11:30:13,750701 |4475|41413491119|41239150050|41239150131|41413749780
06/30/13|11:30:14,571429 |75|41414536597|41239982047|41239982095|41414570194
06/30/13|11:30:15,790398 |4475|41415539201|41241189235|41241189289|41415789142
06/30/13|11:30:16,609080 |75|41416576412|41242021764|41242021805|41416607797
06/30/13|11:30:17,827213 |4475|41417578123|41243226125|41243226189|41417826141
06/30/13|11:30:18,634140 |75|41418600736|41244046289|41244046330|41418632788
06/30/13|11:30:19,855363 |4475|41419603125|41245254854|41245254905|41419854434
06/30/13|11:30:20,672449 |75|41420639367|41246084653|41246084697|41420671090
06/30/13|11:30:21,893974 |4475|41421641614|41247293386|41247293439|41421893124
06/30/13|11:30:22,722363 |75|41422688765|41248134807|41248134847|41422721008
06/30/13|11:30:23,946953 |4475|41423691382|41249346377|41249346429|41423945948
06/30/13|11:30:24,760664 |75|41424727261|41250172613|41250172654|41424759317
06/30/13|11:30:25,985362 |4475|41425730006|41251384463|41251384517|41425984519
06/30/13|11:30:26,805899 |75|41426772003|41252217897|41252217940|41426804531
06/30/13|11:30:28,032312 |4475|41427774247|41253431024|41253431076|41428031438
06/30/13|11:30:28,853929 |75|41428820806|41254266576|41254266617|41428852565
06/30/13|11:30:30,067478 |4475|41429823100|41255466474|41255466522|41430066494
06/30/13|11:30:30,864630 |75|41430831040|41256276982|41256277031|41430863287
06/30/13|11:30:32,087153 |4475|41431833303|41257486353|41257486401|41432086249
06/30/13|11:30:32,901773 |75|41432868601|41258313864|41258313908|41432900406
06/30/13|11:30:34,116563 |4475|41433871065|41259515881|41259515930|41434115683
06/30/13|11:30:34,914659 |75|41434881079|41260327019|41260327063|41434913269
06/30/13|11:30:36,124103 |4475|41435883161|41261523322|41261523371|41436123254
06/30/13|11:30:36,923475 |75|41436888650|41262334218|41262334264|41436922101
06/30/13|11:30:38,143583 |4475|41437891022|41263542735|41263542783|41438142755
06/30/13|11:30:38,974694 |75|41438940774|41264386409|41264386461|41438973244
06/30/13|11:30:40,184276 |4475|41439943362|41265583560|41265583611|41440183430
06/30/13|11:30:40,976675 |75|41440945099|41266389506|41266389554|41440975833
06/30/13|11:30:42,201048 |4475|41441947214|41267600456|41267600506|41442200100
06/30/13|11:30:43,017765 |75|41442984820|41268430157|41268430211|41443016528
06/30/13|11:30:44,239848 |4475|41443987389|41269639240|41269639293|41444238909
06/30/13|11:30:45,064651 |75|41445032069|41270477718|41270477765|41445063409
06/30/13|11:30:46,277442 |4475|41446034045|41271676748|41271676802|41446276510
06/30/13|11:30:47,085857 |75|41447052730|41272498350|41272498393|41447084603
06/30/13|11:30:48,307908 |4475|41448055189|41273706609|41273706660|41448306542
06/30/13|11:30:49,128349 |75|41449092752|41274540765|41274540806|41449127133
06/30/13|11:30:50,349845 |4475|41450095351|41275747175|41275747229|41450348908
06/30/13|11:30:51,171829 |75|41451139662|41276584674|41276584715|41451170511
06/30/13|11:30:52,383131 |4475|41452141855|41277782332|41277782384|41452382043
06/30/13|11:30:53,177672 |75|41453144671|41278590089|41278590129|41453176434
06/30/13|11:30:54,401548 |4475|41454147095|41279799884|41279799935|41454400095
06/30/13|11:30:55,216701 |75|41455183281|41280628852|41280628892|41455215457
06/30/13|11:30:56,439685 |4475|41456185779|41281838489|41281838545|41456438754
06/30/13|11:30:57,260192 |75|41457227711|41282672460|41282672504|41457258962
06/30/13|11:30:58,484915 |4475|41458230277|41283883693|41283883773|41458483528
06/30/13|11:30:59,275683 |75|41459241146|41284686126|41284686183|41459274422
06/30/13|11:31:00,498021 |4475|41460243219|41285896341|41285896392|41460496634
06/30/13|11:31:01,325635 |75|41461292724|41286738047|41286738092|41461324396
06/30/13|11:31:02,541398 |4475|41462295197|41287939668|41287939717|41462540029
06/30/13|11:31:03,336604 |75|41463303447|41288749166|41288749210|41463335384
06/30/13|11:31:04,552365 |4475|41464305817|41289950825|41289950873|41464550989
06/30/13|11:31:05,358051 |75|41465325910|41290770348|41290770394|41465356817
06/30/13|11:31:06,571483 |4475|41466328196|41291970393|41291970441|41466570035
06/30/13|11:31:07,365168 |75|41467331397|41292777645|41292777691|41467363949
06/30/13|11:31:08,574838 |4475|41468333887|41293972805|41293972854|41468573568
06/30/13|11:31:09,368102 |75|41469335865|41294780314|41294780359|41469366845
06/30/13|11:31:10,586244 |4475|41470338172|41295985108|41295985158|41470584987
06/30/13|11:31:11,440436 |75|41471408427|41296852923|41296852968|41471439110
06/30/13|11:31:12,716037 |4475|41472410837|41298114815|41298114921|41472714792
06/30/13|11:31:13,461661 |75|41473428656|41298874024|41298874069|41473460306
06/30/13|11:31:14,677152 |4475|41474431623|41300074836|41300074888|41474675918
06/30/13|11:31:15,479322 |75|41475444754|41300890928|41300890971|41475477936
06/30/13|11:31:16,699672 |4475|41476447203|41302098460|41302098512|41476698802
06/30/13|11:31:17,517324 |75|41477484720|41302929160|41302929201|41477515977
06/30/13|11:31:18,740664 |4475|41478487126|41304139341|41304139399|41478739797
06/30/13|11:31:19,557771 |75|41479525297|41304970340|41304970382|41479556837
06/30/13|11:31:20,767912 |4475|41480527328|41306167459|41306167513|41480767071
06/30/13|11:31:21,564950 |75|41481531454|41306975677|41306975717|41481563601
06/30/13|11:31:22,788703 |4475|41482533765|41308183431|41308183482|41482787463
06/30/13|11:31:23,609845 |75|41483576686|41309022350|41309022390|41483608557
06/30/13|11:31:24,814692 |4475|41484579354|41310213435|41310213486|41484813819
06/30/13|11:31:25,614552 |75|41485581550|41311026637|41311026679|41485613312
06/30/13|11:31:26,838482 |4475|41486583871|41312237519|41312237571|41486837548
06/30/13|11:31:27,653338 |75|41487619612|41313065529|41313065572|41487652111
06/30/13|11:31:28,874512 |4475|41488621772|41314273624|41314273671|41488873577
06/30/13|11:31:29,691981 |75|41489658258|41315103957|41315104001|41489690736
06/30/13|11:31:30,911648 |4475|41490660702|41316310568|41316310618|41490910714
06/30/13|11:31:31,736137 |75|41491705016|41317148470|41317148516|41491734897
06/30/13|11:31:32,960396 |4475|41492707399|41318358917|41318358967|41492959012
06/30/13|11:31:33,774779 |75|41493740523|41319186866|41319186910|41493773492
06/30/13|11:31:34,988686 |4475|41494742861|41320387608|41320387656|41494987736
06/30/13|11:31:35,804867 |75|41495771642|41321217151|41321217196|41495803631
06/30/13|11:31:37,040534 |4475|41496774138|41322439659|41322439708|41497039594
06/30/13|11:31:37,846511 |75|41497776057|41323258997|41323259040|41497845282
06/30/13|11:31:39,031893 |4475|41498778393|41324429924|41324429973|41499030564
06/30/13|11:31:39,891549 |75|41499857183|41325303061|41325303105|41499890272
06/30/13|11:31:41,110137 |4475|41500859566|41326509261|41326509311|41501109327
06/30/13|11:31:41,936794 |75|41501904818|41327349368|41327349413|41501935379
06/30/13|11:31:43,156353 |4475|41502907411|41328555366|41328555417|41503155481
06/30/13|11:31:43,965618 |75|41503932642|41329377745|41329377791|41503964266
06/30/13|11:31:45,181806 |4475|41504935062|41330576942|41330576993|41505180852
06/30/13|11:31:45,981365 |75|41505948709|41331393374|41331393418|41505979932
06/30/13|11:31:47,202910 |4475|41506951298|41332601642|41332601695|41507201999
06/30/13|11:31:48,024570 |75|41507992499|41333437475|41333437515|41508023643
06/30/13|11:31:49,230328 |4475|41508994500|41334629142|41334629201|41509229401
06/30/13|11:31:50,036417 |75|41510003032|41335448148|41335448190|41510035169
06/30/13|11:31:51,255917 |4475|41511005422|41336653834|41336653887|41511254969
06/30/13|11:31:52,063998 |75|41512031274|41337476095|41337476139|41512062760
06/30/13|11:31:53,287604 |4475|41513033773|41338685874|41338685924|41513286657
06/30/13|11:31:54,107979 |75|41514075504|41339519920|41339519961|41514106800
06/30/13|11:31:55,330174 |4475|41515077971|41340728431|41340728485|41515329191
06/30/13|11:31:56,144415 |75|41516111688|41341556120|41341556161|41516143184
06/30/13|11:31:57,368755 |4475|41517113972|41342766657|41342766711|41517367101
06/30/13|11:31:58,185306 |75|41518152833|41343597384|41343597456|41518184076
06/30/13|11:31:59,407435 |4475|41519155399|41344804506|41344804558|41519405319
06/30/13|11:32:00,222962 |75|41520190684|41345635433|41345635477|41520221681
06/30/13|11:32:01,448007 |4475|41521193013|41346844230|41346844281|41521446563
06/30/13|11:32:02,261127 |75|41522227372|41347673006|41347673051|41522259953
06/30/13|11:32:03,486185 |4475|41523230009|41348884386|41348884434|41523484810
06/30/13|11:32:04,303170 |75|41524270046|41349715307|41349715350|41524302271
06/30/13|11:32:05,513647 |4475|41525271944|41350912743|41350912793|41525512385
06/30/13|11:32:06,329028 |75|41526295849|41351740521|41351740564|41526327805
06/30/13|11:32:07,550244 |4475|41527298149|41352948454|41352948503|41527548872
06/30/13|11:32:08,356853 |75|41528323856|41353768946|41353768989|41528355625
06/30/13|11:32:09,577397 |4475|41529326069|41354975827|41354975876|41529576452
06/30/13|11:32:10,386953 |75|41530352158|41355798397|41355798443|41530385675
06/30/13|11:32:11,602219 |4475|41531354260|41357000668|41357000718|41531601267
06/30/13|11:32:12,466504 |75|41532380420|41357878274|41357878371|41532465272
06/30/13|11:32:13,617603 |4475|41533382991|41359015846|41359015931|41533616671
06/30/13|11:32:14,440600 |75|41534408186|41359852397|41359852444|41534439386
06/30/13|11:32:15,663659 |4475|41535410546|41361062034|41361062091|41535662255
06/30/13|11:32:16,486582 |75|41536452843|41361898267|41361898308|41536485328
06/30/13|11:32:17,699066 |4475|41537455260|41363096895|41363096946|41537697641
06/30/13|11:32:18,498168 |75|41538464184|41363910129|41363910188|41538496921
06/30/13|11:32:19,724263 |4475|41539466517|41365123322|41365123383|41539723324
06/30/13|11:32:20,536256 |75|41540502967|41365948177|41365948222|41540535020
06/30/13|11:32:21,758954 |4475|41541505427|41367156938|41367156991|41541757977
06/30/13|11:32:22,550072 |75|41542516676|41367962003|41367962046|41542548843
06/30/13|11:32:23,768139 |4475|41543519005|41369166580|41369166632|41543767209
06/30/13|11:32:24,553856 |75|41544521684|41369966202|41369966244|41544552630
06/30/13|11:32:25,773186 |4475|41545524153|41371171635|41371171690|41545772336
06/30/13|11:32:26,567548 |75|41546534993|41371979523|41371979564|41546566255
06/30/13|11:32:27,792533 |4475|41547537441|41373190806|41373190856|41547791680
06/30/13|11:32:28,639264 |75|41548607551|41374051544|41374051588|41548637835
06/30/13|11:32:29,875645 |4475|41549609727|41375274094|41375274143|41549874801
06/30/13|11:32:30,645004 |75|41550611672|41376056669|41376056716|41550643649
06/30/13|11:32:31,866230 |4475|41551613935|41377264800|41377264850|41551865374
06/30/13|11:32:32,689917 |75|41552655309|41378101412|41378101456|41552688553
06/30/13|11:32:33,894988 |4475|41553657656|41379292715|41379292763|41553893681
06/30/13|11:32:34,693590 |75|41554659618|41380105211|41380105255|41554692360
06/30/13|11:32:35,912883 |4475|41555661947|41381311433|41381311483|41555911523
06/30/13|11:32:36,738557 |75|41556704898|41382150220|41382150266|41556737316
06/30/13|11:32:37,951461 |4475|41557707302|41383349525|41383349574|41557950146
06/30/13|11:32:38,745694 |75|41558712841|41384157561|41384157604|41558744455
06/30/13|11:32:39,958272 |4475|41559714850|41385357097|41385357146|41559957360
06/30/13|11:32:40,764278 |75|41560731138|41386176209|41386176256|41560763047
06/30/13|11:32:41,988349 |4475|41561733625|41387386887|41387386941|41561987490
06/30/13|11:32:42,809050 |75|41562776677|41388220727|41388220771|41562807760
06/30/13|11:32:44,034312 |4475|41563779247|41389433295|41389433348|41564033431
06/30/13|11:32:44,848767 |75|41564814165|41390259378|41390259419|41564847422
06/30/13|11:32:46,061784 |4475|41565816486|41391459619|41391459673|41566060517
06/30/13|11:32:46,859805 |75|41566824652|41392269262|41392269304|41566858397
06/30/13|11:32:48,068057 |4475|41567826756|41393466454|41393466506|41568067234
06/30/13|11:32:48,864465 |75|41568831026|41394276246|41394276286|41568863233
06/30/13|11:32:50,079442 |4475|41569833467|41395477420|41395477480|41570078151
06/30/13|11:32:50,938177 |75|41570905493|41396349585|41396349631|41570936933
06/30/13|11:32:52,161307 |4475|41571907487|41397560193|41397560247|41572160357
06/30/13|11:32:52,981942 |75|41572948811|41398393544|41398393585|41572980685
06/30/13|11:32:54,201672 |4475|41573951247|41399599950|41399600001|41574200705
06/30/13|11:32:55,029826 |75|41574996838|41400441491|41400441534|41575028511
06/30/13|11:32:56,241994 |4475|41575999418|41401640214|41401640268|41576240978
06/30/13|11:32:57,037633 |75|41577004713|41402449310|41402449357|41577036392
06/30/13|11:32:58,255707 |4475|41578007133|41403653709|41403653787|41578254756
06/30/13|11:32:59,064281 |75|41579031124|41404476032|41404476081|41579063046
06/30/13|11:33:00,285046 |4475|41580033430|41405683426|41405683475|41580283669
06/30/13|11:33:01,115518 |75|41581080415|41406525703|41406525751|41581114226
06/30/13|11:33:02,322659 |4475|41582082978|41407720185|41407720234|41582321674
06/30/13|11:33:03,119279 |75|41583085603|41408530743|41408530787|41583117988
06/30/13|11:33:04,340685 |4475|41584087943|41409739166|41409739215|41584339746
06/30/13|11:33:05,165325 |75|41585132155|41410577337|41410577381|41585164083
06/30/13|11:33:06,389817 |4475|41586134488|41411788448|41411788498|41586388887
06/30/13|11:33:07,209813 |75|41587176536|41412621420|41412621465|41587208651
06/30/13|11:33:08,418004 |4475|41588179122|41413816225|41413816273|41588416627
06/30/13|11:33:09,215140 |75|41589181021|41414626761|41414626805|41589213886
06/30/13|11:33:10,435684 |4475|41590183575|41415834038|41415834089|41590434240
06/30/13|11:33:11,253235 |75|41591219470|41416664552|41416664597|41591251986
06/30/13|11:33:12,522421 |4475|41592221927|41417916484|41417916594|41592521058
06/30/13|11:33:13,263989 |75|41593231273|41418676059|41418676102|41593262731
06/30/13|11:33:14,489208 |4475|41594233841|41419887091|41419887143|41594487976
06/30/13|11:33:15,314372 |75|41595282014|41420726053|41420726094|41595313118
06/30/13|11:33:16,532600 |4475|41596284108|41421931041|41421931093|41596531725
06/30/13|11:33:17,358012 |75|41597324736|41422769619|41422769669|41597356647
06/30/13|11:33:18,574411 |4475|41598327266|41423972418|41423972468|41598573163
06/30/13|11:33:19,365685 |75|41599331325|41424776530|41424776569|41599364360
06/30/13|11:33:20,581570 |4475|41600333510|41425979770|41425979823|41600580315
06/30/13|11:33:21,438207 |75|41601405761|41426849713|41426849752|41601436819
06/30/13|11:33:22,654066 |4475|41602407829|41428052624|41428052685|41602653209
06/30/13|11:33:23,457007 |75|41603424749|41428868421|41428868461|41603455654
06/30/13|11:33:24,680128 |4475|41604427309|41430076982|41430077033|41604677831
06/30/13|11:33:25,498659 |75|41605464761|41430910126|41430910188|41605497288
06/30/13|11:33:26,709041 |4475|41606467191|41432107276|41432107325|41606708137
06/30/13|11:33:27,509022 |75|41607475425|41432920668|41432920715|41607507750
06/30/13|11:33:28,713554 |4475|41608477729|41434111622|41434111669|41608712280
06/30/13|11:33:29,514000 |75|41609481339|41434925510|41434925554|41609512825
06/30/13|11:33:30,737506 |4475|41610483735|41436136015|41436136065|41610736564
06/30/13|11:33:31,561123 |75|41611527827|41436972691|41436972734|41611560301
06/30/13|11:33:32,771742 |4475|41612530516|41438169962|41438170009|41612770806
06/30/13|11:33:33,573513 |75|41613541370|41438986015|41438986060|41613572657
06/30/13|11:33:34,798165 |4475|41614543543|41440196638|41440196687|41614797211
06/30/13|11:33:35,627517 |75|41615592513|41441038823|41441038869|41615626255
06/30/13|11:33:36,918351 |4475|41616594847|41442315371|41442315420|41616917414
06/30/13|11:33:37,721932 |75|41617597412|41443133866|41443133910|41617721073
06/30/13|11:33:38,827296 |4475|41618599611|41444225902|41444225950|41618826436
06/30/13|11:33:39,632992 |75|41619601229|41445044722|41445044766|41619632146
06/30/13|11:33:40,846099 |4475|41620603527|41446244699|41446244752|41620845245
06/30/13|11:33:41,649295 |75|41621616718|41447060716|41447060761|41621647939
06/30/13|11:33:42,861828 |4475|41622619239|41448260686|41448260740|41622860975
06/30/13|11:33:43,664553 |75|41623631161|41449076031|41449076072|41623663195
06/30/13|11:33:44,875612 |4475|41624633505|41450273674|41450273727|41624874653
06/30/13|11:33:45,668347 |75|41625636442|41451080605|41451080649|41625667474
06/30/13|11:33:46,884282 |4475|41626638806|41452278665|41452278719|41626883355
06/30/13|11:33:47,673559 |75|41627640816|41453085235|41453085277|41627672321
06/30/13|11:33:48,885873 |4475|41628643354|41454283619|41454283670|41628884828
06/30/13|11:33:49,682095 |75|41629648727|41455093108|41455093157|41629680866
06/30/13|11:33:50,903546 |4475|41630651065|41456301706|41456301762|41630902725
06/30/13|11:33:51,724296 |75|41631691801|41457135541|41457135582|41631722940
06/30/13|11:33:52,944304 |4475|41632694204|41458342045|41458342099|41632943044
06/30/13|11:33:53,752187 |75|41633719325|41459163261|41459163301|41633750823
06/30/13|11:33:54,959367 |4475|41634721637|41460357090|41460357143|41634958040
06/30/13|11:33:55,757541 |75|41635724721|41461169161|41461169205|41635756323
06/30/13|11:33:56,975284 |4475|41636727047|41462372408|41462372461|41636973932
06/30/13|11:33:57,765910 |75|41637731214|41463177313|41463177360|41637764654
06/30/13|11:33:58,987909 |4475|41638733615|41464385518|41464385597|41638986463
06/30/13|11:33:59,804505 |75|41639770969|41465215661|41465215708|41639803249
06/30/13|11:34:01,016095 |4475|41640773319|41466413193|41466413245|41641014166
06/30/13|11:34:01,813239 |75|41641781058|41467224959|41467225004|41641812015
06/30/13|11:34:03,037347 |4475|41642783396|41468435523|41468435573|41643036477
06/30/13|11:34:03,851834 |75|41643818229|41469262764|41469262808|41643850556
06/30/13|11:34:05,064613 |4475|41644820211|41470462790|41470462837|41645063224
06/30/13|11:34:05,864391 |75|41645831291|41471275948|41471275993|41645863163
06/30/13|11:34:07,086209 |4475|41646833771|41472484717|41472484766|41647085248
06/30/13|11:34:07,902242 |75|41647868534|41473313647|41473313690|41647900998
06/30/13|11:34:09,118109 |4475|41648871131|41474516245|41474516294|41649117161
06/30/13|11:34:09,913916 |75|41649881325|41475325261|41475325305|41649912669
06/30/13|11:34:11,124725 |4475|41650883894|41476522556|41476522609|41651123813
06/30/13|11:34:11,985865 |75|41651892700|41477396606|41477396649|41651984626
06/30/13|11:34:13,126004 |4475|41652895092|41478524247|41478524356|41653125150
06/30/13|11:34:13,939954 |75|41653908010|41479351690|41479351737|41653938697
06/30/13|11:34:15,155768 |4475|41654910422|41480553285|41480553336|41655154443
06/30/13|11:34:15,962743 |75|41655927253|41481372425|41481372468|41655961331
06/30/13|11:34:17,178591 |4475|41656929846|41482573453|41482573506|41657177353
06/30/13|11:34:17,963989 |75|41657931805|41483375448|41483375488|41657962736
06/30/13|11:34:19,185827 |4475|41658934119|41484583847|41484583904|41659184869
06/30/13|11:34:20,007681 |75|41659975472|41485419662|41485419710|41660006449
06/30/13|11:34:21,215124 |4475|41660977758|41486613704|41486613758|41661214255
06/30/13|11:34:22,014169 |75|41661981205|41487425929|41487425971|41662012929
06/30/13|11:34:23,236961 |4475|41662983599|41488634852|41488634905|41663236033
06/30/13|11:34:24,059116 |75|41664025236|41489470115|41489470155|41664057827
06/30/13|11:34:25,281252 |4475|41665027551|41490678817|41490678864|41665280285
06/30/13|11:34:26,100164 |75|41666064681|41491509668|41491509715|41666098967
06/30/13|11:34:27,307194 |4475|41667067247|41492704182|41492704231|41667305765
06/30/13|11:34:28,102447 |75|41668069178|41493513671|41493513715|41668101210
06/30/13|11:34:29,319025 |4475|41669071569|41494716600|41494716647|41669318074
06/30/13|11:34:30,124545 |75|41670092635|41495535963|41495536005|41670123320
06/30/13|11:34:31,349672 |4475|41671095202|41496747315|41496747363|41671348728
06/30/13|11:34:32,166201 |75|41672132838|41497577499|41497577543|41672164975
06/30/13|11:34:33,371076 |4475|41673134967|41498769547|41498769596|41673370106
06/30/13|11:34:34,170537 |75|41674136900|41499581662|41499581706|41674169286
06/30/13|11:34:35,394626 |4475|41675139307|41500792800|41500792847|41675393754
06/30/13|11:34:36,215517 |75|41676180981|41501626155|41501626211|41676214224
06/30/13|11:34:37,438000 |4475|41677183517|41502834776|41502834825|41677436762
06/30/13|11:34:38,254398 |75|41678219906|41503664841|41503664884|41678253052
06/30/13|11:34:39,476018 |4475|41679222181|41504873514|41504873566|41679474760
06/30/13|11:34:40,264966 |75|41680231361|41505675964|41505676007|41680263736
06/30/13|11:34:41,485899 |4475|41681233442|41506883348|41506883400|41681484520
06/30/13|11:34:42,312035 |75|41682275759|41507721959|41507722000|41682310809
06/30/13|11:34:43,531476 |4475|41683277905|41508927835|41508927886|41683529210
06/30/13|11:34:44,349218 |75|41684315752|41509760871|41509760914|41684347972
06/30/13|11:34:45,557200 |4475|41685317761|41510955085|41510955139|41685556266
06/30/13|11:34:46,363484 |75|41686331086|41511774496|41511774535|41686362229
06/30/13|11:34:47,582428 |4475|41687333158|41512980412|41512980462|41687581078
06/30/13|11:34:48,393191 |75|41688360678|41513804261|41513804302|41688391990
06/30/13|11:34:49,621441 |4475|41689363485|41515018957|41515019016|41689620068
06/30/13|11:34:50,397831 |75|41690365106|41515809556|41515809598|41690396962
06/30/13|11:34:51,611810 |4475|41691367395|41517009754|41517009807|41691610955
06/30/13|11:34:52,413078 |75|41692380745|41517824469|41517824511|41692412217
06/30/13|11:34:53,635364 |4475|41693382662|41519032813|41519032865|41693634469
06/30/13|11:34:54,456436 |75|41694423354|41519866890|41519866931|41694454941
06/30/13|11:34:55,669130 |4475|41695425814|41521066221|41521066272|41695667781
06/30/13|11:34:56,466903 |75|41696432852|41521878013|41521878058|41696465528
06/30/13|11:34:57,689999 |4475|41697435270|41523087292|41523087342|41697688739
06/30/13|11:34:58,519112 |75|41698484836|41523929807|41523929885|41698517758
06/30/13|11:34:59,753774 |4475|41699487404|41525151591|41525151642|41699752514
06/30/13|11:35:00,572254 |75|41700539134|41525982970|41525983021|41700570969
06/30/13|11:35:01,792907 |4475|41701541906|41527191498|41527191546|41701792037
06/30/13|11:35:02,613621 |75|41702579648|41528024692|41528024737|41702612268
06/30/13|11:35:03,831027 |4475|41703581559|41529228933|41529228981|41703830092
06/30/13|11:35:04,642065 |75|41704607570|41530051324|41530051367|41704640705
06/30/13|11:35:05,862856 |4475|41705609602|41531260660|41531260709|41705861982
06/30/13|11:35:06,667658 |75|41706635812|41532079033|41532079076|41706666294
06/30/13|11:35:07,892397 |4475|41707638362|41533290246|41533290296|41707891533
06/30/13|11:35:08,717126 |75|41708682165|41534127815|41534127859|41708715763
06/30/13|11:35:09,919861 |4475|41709684491|41535318001|41535318056|41709918978
06/30/13|11:35:10,725250 |75|41710692513|41536136743|41536136788|41710723895
06/30/13|11:35:12,003730 |4475|41711695104|41537400714|41537400767|41712002068
06/30/13|11:35:12,769984 |75|41712735728|41538181030|41538181122|41712768623
06/30/13|11:35:13,990671 |4475|41713738183|41539388807|41539388892|41713989805
06/30/13|11:35:14,812801 |75|41714780933|41540224457|41540224502|41714811472
06/30/13|11:35:16,035427 |4475|41715783322|41541433712|41541433766|41716034511
06/30/13|11:35:16,856562 |75|41716823600|41542267893|41542267934|41716855223
06/30/13|11:35:18,071378 |4475|41717825946|41543469116|41543469168|41718070452
06/30/13|11:35:18,871547 |75|41718838763|41544282343|41544282383|41718870194
06/30/13|11:35:20,070109 |4475|41719840808|41545467944|41545467995|41720068852
06/30/13|11:35:20,878349 |75|41720844663|41546289538|41546289582|41720877136
06/30/13|11:35:22,086135 |4475|41721847021|41547484594|41547484646|41722085207
06/30/13|11:35:22,886029 |75|41722852720|41548297019|41548297060|41722884788
06/30/13|11:35:24,091604 |4475|41723854983|41549489017|41549489066|41724090303
06/30/13|11:35:24,892582 |75|41724856962|41550301173|41550301217|41724891343
06/30/13|11:35:26,109209 |4475|41725859403|41551506904|41551506955|41726108327
06/30/13|11:35:26,931224 |75|41726896380|41552341002|41552341048|41726929854
06/30/13|11:35:28,142848 |4475|41727898944|41553537262|41553537314|41728141762
06/30/13|11:35:28,940038 |75|41728907882|41554351130|41554351175|41728938803
06/30/13|11:35:30,163660 |4475|41729909850|41555561528|41555561575|41730162731
06/30/13|11:35:30,983880 |75|41730950958|41556395070|41556395116|41730982573
06/30/13|11:35:32,212006 |4475|41731953337|41557609532|41557609582|41732211058
06/30/13|11:35:33,022327 |75|41732989011|41558433639|41558433683|41733021097
06/30/13|11:35:34,232325 |4475|41733991595|41559630459|41559630507|41734231394
06/30/13|11:35:35,038535 |75|41735004681|41560449613|41560449657|41735037297
06/30/13|11:35:36,254964 |4475|41736007233|41561652489|41561652539|41736253565
06/30/13|11:35:37,146223 |75|41737031162|41562557302|41562557348|41737144992
06/30/13|11:35:38,360734 |4475|41738033542|41563758783|41563758835|41738359797
06/30/13|11:35:39,139676 |75|41739106064|41564550419|41564550472|41739138379
06/30/13|11:35:40,355012 |4475|41740108461|41565751948|41565752002|41740353719
06/30/13|11:35:41,158589 |75|41741124771|41566569436|41566569480|41741157366
06/30/13|11:35:42,368254 |4475|41742127337|41567765365|41567765418|41742367037
06/30/13|11:35:43,163860 |75|41743131195|41568574906|41568574948|41743162440
06/30/13|11:35:44,396726 |4475|41744133469|41569793093|41569793145|41744395260
06/30/13|11:35:45,202646 |75|41745169189|41570613823|41570613865|41745201256
06/30/13|11:35:46,414124 |4475|41746171660|41571811266|41571811319|41746413227
06/30/13|11:35:47,209420 |75|41747176607|41572620071|41572620115|41747208137
06/30/13|11:35:48,418413 |4475|41748179191|41573814458|41573814510|41748417175
06/30/13|11:35:49,215934 |75|41749181303|41574625009|41574625052|41749214514
06/30/13|11:35:50,421631 |4475|41750183567|41575818839|41575818892|41750420842
06/30/13|11:35:51,221344 |75|41751188637|41576632185|41576632229|41751220105
06/30/13|11:35:52,435470 |4475|41752191213|41577832028|41577832081|41752434062
06/30/13|11:35:53,231509 |75|41753197899|41578642384|41578642427|41753230059
06/30/13|11:35:54,451103 |4475|41754200240|41579848128|41579848179|41754449741
06/30/13|11:35:55,263979 |75|41755231104|41580675000|41580675044|41755262738
06/30/13|11:35:56,485889 |4475|41756233412|41581882998|41581883050|41756484515
06/30/13|11:35:57,306518 |75|41757272832|41582717418|41582717464|41757305287
06/30/13|11:35:58,519640 |4475|41758274874|41583916531|41583916606|41758518253
06/30/13|11:35:59,312730 |75|41759281146|41584723888|41584723935|41759311521
06/30/13|11:36:00,530952 |4475|41760283564|41585926938|41585926986|41760528478
06/30/13|11:36:01,329345 |75|41761296303|41586740141|41586740189|41761328111
06/30/13|11:36:02,552137 |4475|41762298842|41587948477|41587948528|41762550777
06/30/13|11:36:03,373457 |75|41763340194|41588784325|41588784371|41763372188
06/30/13|11:36:04,601149 |4475|41764342778|41589998039|41589998087|41764599801
06/30/13|11:36:05,395531 |75|41765362936|41590806139|41590806202|41765394304
06/30/13|11:36:06,620184 |4475|41766365213|41592017005|41592017056|41766618756
06/30/13|11:36:07,437419 |75|41767404859|41592848086|41592848132|41767436172
06/30/13|11:36:08,647484 |4475|41768407826|41594044447|41594044499|41768645897
06/30/13|11:36:09,442993 |75|41769409558|41594854253|41594854295|41769441663
06/30/13|11:36:10,657883 |4475|41770411707|41596055117|41596055171|41770656556
06/30/13|11:36:11,464048 |75|41771431128|41596874521|41596874562|41771462828
06/30/13|11:36:12,736711 |4475|41772433424|41598133985|41598134095|41772735324
06/30/13|11:36:13,509488 |75|41773474987|41598918867|41598918910|41773508385
06/30/13|11:36:14,718171 |4475|41774477479|41600115147|41600115199|41774716936
06/30/13|11:36:15,513842 |75|41775481075|41600924946|41600924987|41775512633
06/30/13|11:36:16,737218 |4475|41776483458|41602134058|41602134112|41776735974
06/30/13|11:36:17,562688 |75|41777529052|41602973756|41602973797|41777561745
06/30/13|11:36:18,786418 |4475|41778531502|41604184121|41604184172|41778785180
06/30/13|11:36:19,600845 |75|41779567634|41605011438|41605011480|41779599407
06/30/13|11:36:20,811435 |4475|41780570187|41606209235|41606209288|41780810180
06/30/13|11:36:21,604453 |75|41781571843|41607015444|41607015484|41781603613
06/30/13|11:36:22,831004 |4475|41782574132|41608227631|41608227679|41782829514
06/30/13|11:36:23,648709 |75|41783615421|41609059391|41609059436|41783647475
06/30/13|11:36:24,862700 |4475|41784617730|41610259809|41610259858|41784861791
06/30/13|11:36:25,665600 |75|41785631255|41611076159|41611076204|41785664379
06/30/13|11:36:26,891205 |4475|41786633222|41612287673|41612287723|41786889768
06/30/13|11:36:27,709824 |75|41787676414|41613120999|41613121042|41787708642
06/30/13|11:36:28,921178 |4475|41788678728|41614318064|41614318111|41788919851
06/30/13|11:36:29,723348 |75|41789690938|41615134151|41615134205|41789722054
06/30/13|11:36:30,944803 |4475|41790693419|41616342307|41616342356|41790943426
06/30/13|11:36:31,763377 |75|41791728139|41617174317|41617174362|41791762124
06/30/13|11:36:32,969525 |4475|41792730168|41618366730|41618366779|41792968160
06/30/13|11:36:33,763915 |75|41793732062|41619175152|41619175195|41793762689
06/30/13|11:36:34,986145 |4475|41794734380|41620382229|41620382277|41794985211
06/30/13|11:36:35,793884 |75|41795760648|41621204778|41621204824|41795792643
06/30/13|11:36:37,016010 |4475|41796763132|41622413183|41622413233|41797015090
06/30/13|11:36:37,838120 |75|41797805149|41623249142|41623249185|41797836898
06/30/13|11:36:39,054780 |4475|41798807555|41624451900|41624451952|41799053402
06/30/13|11:36:39,864762 |75|41799831105|41625275290|41625275330|41799863549
06/30/13|11:36:41,075691 |4475|41800833369|41626472872|41626472924|41801074329
06/30/13|11:36:41,881053 |75|41801847558|41627291822|41627291862|41801879750
06/30/13|11:36:43,101410 |4475|41802850035|41628498002|41628498054|41803100039
06/30/13|11:36:43,926102 |75|41803892773|41629336968|41629337008|41803924873
06/30/13|11:36:45,142864 |4475|41804895154|41630539839|41630539891|41805141437
06/30/13|11:36:45,940665 |75|41805907864|41631351567|41631351609|41805939426
06/30/13|11:36:47,164905 |4475|41806909729|41632561912|41632561962|41807163971
06/30/13|11:36:47,984192 |75|41807948766|41633391284|41633391325|41807982978
06/30/13|11:36:49,193228 |4475|41808951309|41634590962|41634591022|41809192295
06/30/13|11:36:49,985202 |75|41809953234|41635396518|41635396558|41809983969
06/30/13|11:36:51,207827 |4475|41810955586|41636604971|41636605024|41811206442
06/30/13|11:36:52,029231 |75|41811996301|41637440146|41637440186|41812027971
06/30/13|11:36:53,252263 |4475|41812998566|41638648982|41638649031|41813250909
06/30/13|11:36:54,065379 |75|41814032650|41639475942|41639475985|41814064154
06/30/13|11:36:55,289556 |4475|41815035150|41640686766|41640686814|41815288189
06/30/13|11:36:56,109754 |75|41816076317|41641520374|41641520419|41816108586
06/30/13|11:36:57,334326 |4475|41817078678|41642728778|41642728827|41817333386
06/30/13|11:36:58,158964 |75|41818123918|41643567957|41643568031|41818157693
06/30/13|11:36:59,371467 |4475|41819126374|41644767937|41644767988|41819370034
06/30/13|11:37:00,164579 |75|41820131219|41645575322|41645575365|41820163357
06/30/13|11:37:01,388583 |4475|41821133701|41646785773|41646785867|41821387340
06/30/13|11:37:02,208789 |75|41822176250|41647619591|41647619658|41822207616
06/30/13|11:37:03,430822 |4475|41823178532|41648827694|41648827747|41823429411
06/30/13|11:37:04,253666 |75|41824220735|41649664012|41649664057|41824252319
06/30/13|11:37:05,466572 |4475|41825223265|41650863892|41650863940|41825465333
06/30/13|11:37:06,264156 |75|41826231168|41651674461|41651674507|41826262821
06/30/13|11:37:07,485417 |4475|41827233491|41652882430|41652882481|41827484297
06/30/13|11:37:08,309723 |75|41828276505|41653720067|41653720110|41828308448
06/30/13|11:37:09,515296 |4475|41829278875|41654912179|41654912232|41829514060
06/30/13|11:37:10,314473 |75|41830281190|41655725490|41655725530|41830313239
06/30/13|11:37:11,534349 |4475|41831283573|41656926649|41656926701|41831528550
06/30/13|11:37:12,387417 |75|41832297949|41657798122|41657798162|41832386205
06/30/13|11:37:13,530513 |4475|41833300254|41658926888|41658926989|41833529142
06/30/13|11:37:14,338004 |75|41834304635|41659748501|41659748549|41834336779
06/30/13|11:37:15,555986 |4475|41835307012|41660953182|41660953235|41835555157
06/30/13|11:37:16,363464 |75|41836331052|41661774212|41661774256|41836362053
06/30/13|11:37:17,574354 |4475|41837333545|41662971665|41662971718|41837573530
06/30/13|11:37:18,368544 |75|41838335599|41663778434|41663778477|41838367320
06/30/13|11:37:19,592843 |4475|41839337896|41664989778|41664989831|41839591471
06/30/13|11:37:20,405569 |75|41840368809|41665814610|41665814652|41840404363
06/30/13|11:37:21,609129 |4475|41841371186|41667006542|41667006593|41841608248
06/30/13|11:37:22,414512 |75|41842381065|41667825146|41667825192|41842413270
06/30/13|11:37:23,623016 |4475|41843383565|41669019609|41669019659|41843621683
06/30/13|11:37:24,418862 |75|41844385837|41669829160|41669829205|41844417585
06/30/13|11:37:25,644946 |4475|41845387696|41671042270|41671042319|41845643598
06/30/13|11:37:26,457294 |75|41846424195|41671868315|41671868362|41846456087
06/30/13|11:37:27,671013 |4475|41847426759|41673068216|41673068268|41847669595
06/30/13|11:37:28,473272 |75|41848440696|41673884036|41673884081|41848472048
06/30/13|11:37:29,695318 |4475|41849443108|41675092370|41675092420|41849694358
06/30/13|11:37:30,512214 |75|41850479234|41675922963|41675923007|41850511019
06/30/13|11:37:31,741722 |4475|41851481104|41677136598|41677136649|41851740353
06/30/13|11:37:32,553463 |75|41852520836|41677964216|41677964261|41852552216
06/30/13|11:37:33,772957 |4475|41853523536|41679169933|41679169981|41853772019
06/30/13|11:37:34,558026 |75|41854525468|41679969277|41679969323|41854556796
06/30/13|11:37:35,781857 |4475|41855528014|41681179094|41681179150|41855780930
06/30/13|11:37:36,579392 |75|41856546255|41681990146|41681990211|41856578044
06/30/13|11:37:37,799523 |4475|41857548544|41683196452|41683196505|41857798544
06/30/13|11:37:38,621976 |75|41858589624|41684032528|41684032570|41858620761
06/30/13|11:37:39,845968 |4475|41859591969|41685243190|41685243243|41859845052
06/30/13|11:37:40,661984 |75|41860628773|41686072452|41686072494|41860660759
06/30/13|11:37:41,884754 |4475|41861630906|41687282263|41687282320|41861883820
06/30/13|11:37:42,714960 |75|41862680407|41688123253|41688123295|41862713671
06/30/13|11:37:43,929650 |4475|41863682808|41689326891|41689326943|41863928753
06/30/13|11:37:44,735043 |75|41864700688|41690145092|41690145136|41864733784
06/30/13|11:37:45,950945 |4475|41865703165|41691348044|41691348099|41865950011
06/30/13|11:37:46,761908 |75|41866728157|41692172568|41692172609|41866760691
06/30/13|11:37:47,986556 |4475|41867730403|41693383966|41693384018|41867985619
06/30/13|11:37:48,789709 |75|41868756356|41694200265|41694200306|41868788481
06/30/13|11:37:50,010093 |4475|41869758747|41695407695|41695407755|41870009161
06/30/13|11:37:50,826854 |75|41870794850|41696237661|41696237709|41870825591
06/30/13|11:37:52,049152 |4475|41871796792|41697446536|41697446587|41872048217
06/30/13|11:37:52,866280 |75|41872831145|41698276890|41698276934|41872865062
06/30/13|11:37:54,083464 |4475|41873833471|41699480428|41699480478|41874082480
06/30/13|11:37:54,913709 |75|41874882057|41700324488|41700324533|41874912475
06/30/13|11:37:56,131472 |4475|41875884344|41701528673|41701528724|41876130405
06/30/13|11:37:56,941274 |75|41876907625|41702351352|41702351400|41876940059
06/30/13|11:37:58,160838 |4475|41877909831|41703557036|41703557117|41878159902
06/30/13|11:37:58,984580 |75|41878952039|41704395325|41704395373|41878983351
06/30/13|11:38:00,208820 |4475|41879954366|41705604174|41705604223|41880207903
06/30/13|11:38:01,027783 |75|41880995354|41706437733|41706437780|41881026508
06/30/13|11:38:02,236764 |4475|41881997481|41707633843|41707633892|41882235840
06/30/13|11:38:03,037354 |75|41883004775|41708447497|41708447544|41883036128
06/30/13|11:38:04,253023 |4475|41884007074|41709650850|41709650901|41884252103
06/30/13|11:38:05,065872 |75|41885030993|41710474561|41710474605|41885064639
06/30/13|11:38:06,272499 |4475|41886032950|41711669248|41711669302|41886271565
06/30/13|11:38:07,077610 |75|41887044725|41712488510|41712488550|41887076404
06/30/13|11:38:08,299648 |4475|41888047242|41713696965|41713697018|41888298705
06/30/13|11:38:09,119024 |75|41889084779|41714529144|41714529187|41889117765
06/30/13|11:38:10,340814 |4475|41890087230|41715737955|41715738006|41890339892
06/30/13|11:38:11,155250 |75|41891122810|41716565711|41716565754|41891153977
06/30/13|11:38:12,424898 |4475|41892124831|41717821252|41717821304|41892423525
06/30/13|11:38:13,164251 |75|41893130997|41718574854|41718574950|41893163024
06/30/13|11:38:14,375079 |4475|41894133518|41719771746|41719771803|41894373664
06/30/13|11:38:15,177334 |75|41895144684|41720587992|41720588032|41895176114
06/30/13|11:38:16,388658 |4475|41896147109|41721783572|41721783625|41896387450
06/30/13|11:38:17,184635 |75|41897150567|41722594165|41722594218|41897183286
06/30/13|11:38:18,407423 |4475|41898152665|41723803928|41723803988|41898405934
06/30/13|11:38:19,222593 |75|41899189809|41724632954|41724632996|41899221327
06/30/13|11:38:20,433480 |4475|41900191792|41725830193|41725830241|41900432224
06/30/13|11:38:21,241253 |75|41901207549|41726651494|41726651540|41901239897
06/30/13|11:38:22,456762 |4475|41902210049|41727853519|41727853566|41902455523
06/30/13|11:38:23,249056 |75|41903211928|41728655786|41728655831|41903247655
06/30/13|11:38:24,478405 |4475|41904214343|41729872697|41729872746|41904477165
06/30/13|11:38:25,286775 |75|41905254315|41730697128|41730697171|41905285367
06/30/13|11:38:26,508759 |4475|41906256865|41731905633|41731905684|41906507518
06/30/13|11:38:27,325933 |75|41907291180|41732734890|41732734933|41907324582
06/30/13|11:38:28,534317 |4475|41908293254|41733930534|41733930628|41908533079
06/30/13|11:38:29,337735 |75|41909304627|41734747720|41734747786|41909336364
06/30/13|11:38:30,550337 |4475|41910307005|41735946339|41735946392|41910549091
06/30/13|11:38:31,348592 |75|41911314892|41736759100|41736759149|41911347255
06/30/13|11:38:32,556638 |4475|41912317017|41737953405|41737953454|41912555414
06/30/13|11:38:33,361952 |75|41913330675|41738773032|41738773077|41913361046
06/30/13|11:38:34,586964 |4475|41914332888|41739983409|41739983460|41914585653
06/30/13|11:38:35,405666 |75|41915372760|41740816084|41740816126|41915404376
06/30/13|11:38:36,620651 |4475|41916375180|41742017393|41742017446|41916619414
06/30/13|11:38:37,414778 |75|41917381106|41742825010|41742825052|41917413428
06/30/13|11:38:38,637816 |4475|41918383180|41744034944|41744034996|41918636973
06/30/13|11:38:39,465911 |75|41919432798|41744876338|41744876379|41919464564
06/30/13|11:38:40,680566 |4475|41920435188|41746076414|41746076465|41920679226
06/30/13|11:38:41,485903 |75|41921452502|41746895866|41746895909|41921484566
06/30/13|11:38:42,705392 |4475|41922454967|41748101651|41748101702|41922704592
06/30/13|11:38:43,530205 |75|41923496726|41748940309|41748940351|41923528796
06/30/13|11:38:44,753476 |4475|41924499167|41750148395|41750148448|41924752625
06/30/13|11:38:45,573836 |75|41925534881|41750981692|41750981732|41925572477
06/30/13|11:38:46,769410 |4475|41926537258|41752166880|41752166932|41926768571
06/30/13|11:38:47,573329 |75|41927540608|41752983770|41752983811|41927572113
06/30/13|11:38:48,789667 |4475|41928542941|41754185787|41754185838|41928788748
06/30/13|11:38:49,597557 |75|41929560704|41755007311|41755007362|41929596326
06/30/13|11:38:50,802330 |4475|41930563045|41756199241|41756199294|41930801394
06/30/13|11:38:51,601954 |75|41931568743|41757012429|41757012474|41931600722
06/30/13|11:38:52,819011 |4475|41932571255|41758216138|41758216189|41932818090
06/30/13|11:38:53,639542 |75|41933606731|41759049431|41759049476|41933638291
06/30/13|11:38:54,857058 |4475|41934609228|41760253719|41760253769|41934856139
06/30/13|11:38:55,665211 |75|41935632660|41761075828|41761075873|41935663984
06/30/13|11:38:56,887525 |4475|41936635062|41762284513|41762284566|41936886551
06/30/13|11:38:57,706545 |75|41937672770|41763116759|41763116806|41937705389
06/30/13|11:38:58,916987 |4475|41938675298|41764313979|41764314059|41938916095
06/30/13|11:38:59,714474 |75|41939681020|41765124653|41765124700|41939713258
06/30/13|11:39:00,936487 |4475|41940683560|41766333581|41766333631|41940935550
06/30/13|11:39:01,758437 |75|41941724796|41767168635|41767168679|41941757211
06/30/13|11:39:02,972663 |4475|41942727136|41768367343|41768367391|41942971317
06/30/13|11:39:03,763999 |75|41943730770|41769173965|41769174009|41943762764
06/30/13|11:39:04,986092 |4475|41944733134|41770383382|41770383432|41944985153
06/30/13|11:39:05,813895 |75|41945780717|41771224358|41771224401|41945812675
06/30/13|11:39:07,037271 |4475|41946783073|41772433995|41772434046|41947036346
06/30/13|11:39:07,852237 |75|41947818813|41773262107|41773262148|41947851013
06/30/13|11:39:09,065265 |4475|41948821039|41774462222|41774462275|41949064329
06/30/13|11:39:09,857435 |75|41949824642|41775267543|41775267583|41949856215
06/30/13|11:39:11,070832 |4475|41950827106|41776467386|41776467439|41951069920
06/30/13|11:39:11,916240 |75|41951829022|41777326041|41777326082|41951915023
06/30/13|11:39:13,069189 |4475|41952831332|41778466386|41778466493|41953068371
06/30/13|11:39:13,906011 |75|41953872628|41779316419|41779316493|41953904836
06/30/13|11:39:15,116742 |4475|41954874994|41780513708|41780513764|41955115839
06/30/13|11:39:15,914162 |75|41955881016|41781324100|41781324147|41955912941
06/30/13|11:39:17,121084 |4475|41956883733|41782517830|41782517881|41957120244
06/30/13|11:39:17,918241 |75|41957885733|41783328982|41783329024|41957917006
06/30/13|11:39:19,137322 |4475|41958888053|41784534630|41784534680|41959136471
06/30/13|11:39:19,966782 |75|41959932821|41785376328|41785376373|41959965088
06/30/13|11:39:21,189465 |4475|41960935420|41786586303|41786586354|41961188592
06/30/13|11:39:22,006044 |75|41961972225|41787415108|41787415153|41962004774
06/30/13|11:39:23,217734 |4475|41962974795|41788613897|41788613946|41963216823
06/30/13|11:39:24,015439 |75|41963981016|41789424770|41789424815|41964014073
06/30/13|11:39:25,235644 |4475|41964983424|41790632622|41790632671|41965234797
06/30/13|11:39:26,053449 |75|41966019789|41791463210|41791463258|41966052099
06/30/13|11:39:27,261487 |4475|41967022225|41792658354|41792658406|41967260637
06/30/13|11:39:28,061613 |75|41968028734|41793471356|41793471404|41968060266
06/30/13|11:39:29,285458 |4475|41969031351|41794681685|41794681734|41969284615
06/30/13|11:39:30,117208 |75|41970080786|41795523965|41795524011|41970115857
06/30/13|11:39:31,323817 |4475|41971083149|41796720925|41796720976|41971322977
06/30/13|11:39:32,118571 |75|41972085744|41797528248|41797528295|41972117346
06/30/13|11:39:33,342855 |4475|41973088128|41798738729|41798738782|41973341457
06/30/13|11:39:34,158235 |75|41974123032|41799566372|41799566419|41974157008
06/30/13|11:39:35,367213 |4475|41975125482|41800763752|41800763805|41975366068
06/30/13|11:39:36,163830 |75|41976131263|41801574327|41801574371|41976162560
06/30/13|11:39:37,414189 |4475|41977133511|41802810430|41802810482|41977412813
06/30/13|11:39:38,217318 |75|41978168888|41803627449|41803627491|41978216100
06/30/13|11:39:39,406195 |4475|41979171268|41804802373|41804802426|41979404990
06/30/13|11:39:40,205027 |75|41980172935|41805615527|41805615569|41980204181
06/30/13|11:39:41,421739 |4475|41981175037|41806818077|41806818131|41981420901
06/30/13|11:39:42,213658 |75|41982180950|41807623347|41807623391|41982212316
06/30/13|11:39:43,434857 |4475|41983183319|41808831653|41808831706|41983433982
06/30/13|11:39:44,261908 |75|41984228825|41809672165|41809672209|41984260561
06/30/13|11:39:45,481895 |4475|41985230877|41810878319|41810878372|41985480660
06/30/13|11:39:46,311523 |75|41986279709|41811722239|41811722284|41986310499
06/30/13|11:39:47,532389 |4475|41987281315|41812927909|41812927961|41987531073
06/30/13|11:39:48,353488 |75|41988320436|41813763718|41813763760|41988352579
06/30/13|11:39:49,582577 |4475|41989322726|41814978705|41814978762|41989581337
06/30/13|11:39:50,398526 |75|41990364197|41815807895|41815807942|41990397191
06/30/13|11:39:51,622234 |4475|41991366804|41817016311|41817016364|41991621003
06/30/13|11:39:52,445365 |75|41992412772|41817855533|41817855579|41992444032
06/30/13|11:39:53,670206 |4475|41993414960|41819066320|41819066371|41993668974
06/30/13|11:39:54,488821 |75|41994455461|41819898402|41819898447|41994487492
06/30/13|11:39:55,718282 |4475|41995457984|41821113392|41821113442|41995717043
06/30/13|11:39:56,531224 |75|41996496757|41821939804|41821939854|41996529753
06/30/13|11:39:57,758397 |4475|41997499217|41823155068|41823155118|41997757550
06/30/13|11:39:58,569747 |75|41998536271|41823979808|41823979882|41998568416
06/30/13|11:39:59,774559 |4475|41999538997|41825171096|41825171153|41999773718
06/30/13|11:40:00,574431 |75|42000541305|41825984279|41825984324|42000573195
06/30/13|11:40:01,775407 |4475|42001543023|41827171895|41827171946|42001774385
06/30/13|11:40:02,588032 |75|42002554593|41827997470|41827997514|42002586801
06/30/13|11:40:03,798401 |4475|42003557071|41829194761|41829194814|42003797569
06/30/13|11:40:04,592823 |75|42004559775|41830002654|41830002698|42004591584
06/30/13|11:40:05,808613 |4475|42005561773|41831205103|41831205154|42005807739
06/30/13|11:40:06,631384 |75|42006598050|41832041188|41832041234|42006630116
06/30/13|11:40:07,852769 |4475|42007599409|41833249500|41833249552|42007851851
06/30/13|11:40:08,674374 |75|42008640779|41834084305|41834084348|42008673149
06/30/13|11:40:09,896906 |4475|42009643191|41835293384|41835293436|42009895985
06/30/13|11:40:10,716196 |75|42010679489|41836125746|41836125788|42010714968
06/30/13|11:40:11,991627 |4475|42011681360|41837387849|41837387903|42011990693
06/30/13|11:40:12,760492 |75|42012728731|41838170233|41838170275|42012759270
06/30/13|11:40:13,986944 |4475|42013731331|41839382017|41839382127|42013986079
06/30/13|11:40:14,804467 |75|42014772757|41840214866|41840214910|42014803235
06/30/13|11:40:16,017199 |4475|42015775306|41841413103|41841413157|42016015956
06/30/13|11:40:16,815132 |75|42016781357|41842224810|41842224850|42016813751
06/30/13|11:40:18,021315 |4475|42017783861|41843417694|41843417742|42018020470
06/30/13|11:40:18,822930 |75|42018788824|41844230801|41844230850|42018821486
06/30/13|11:40:20,033499 |4475|42019791392|41845429892|41845429942|42020032683
06/30/13|11:40:20,832923 |75|42020795071|41846237397|41846237444|42020831587
06/30/13|11:40:22,052779 |4475|42021797389|41847448801|41847448851|42022051926
06/30/13|11:40:22,877931 |75|42022843672|41848287446|41848287488|42022876610
06/30/13|11:40:24,099567 |4475|42023846116|41849496129|41849496179|42024098695
06/30/13|11:40:24,931365 |75|42024896815|41850341305|41850341348|42024929904
06/30/13|11:40:26,144793 |4475|42025899323|41851540680|41851540730|42026143955
06/30/13|11:40:26,941560 |75|42026908525|41852351177|41852351221|42026940392
06/30/13|11:40:28,159815 |4475|42027910721|41853556542|41853556590|42028158887
06/30/13|11:40:28,985137 |75|42028952518|41854394800|41854394844|42028983911
06/30/13|11:40:30,206759 |4475|42029954683|41855603080|41855603128|42030205831
06/30/13|11:40:31,025567 |75|42030992774|41856435515|41856435561|42031024346
06/30/13|11:40:32,251203 |4475|42031995181|41857645143|41857645194|42032250268
06/30/13|11:40:33,076894 |75|42033044733|41858486879|41858486923|42033075716
06/30/13|11:40:34,304300 |4475|42034047078|41859700890|41859700942|42034303368
06/30/13|11:40:35,118842 |75|42035086350|41860528471|41860528512|42035117598
06/30/13|11:40:36,331421 |4475|42036088931|41861727442|41861727495|42036329989
06/30/13|11:40:37,123658 |75|42037090950|41862533334|41862533375|42037122361
06/30/13|11:40:38,347895 |4475|42038093279|41863743480|41863743533|42038346547
06/30/13|11:40:39,160856 |75|42039127922|41864570846|41864570895|42039159664
06/30/13|11:40:40,386313 |4475|42040130405|41865783057|41865783109|42040385393
06/30/13|11:40:41,199954 |75|42041166263|41866609720|41866609762|42041198731
06/30/13|11:40:42,408785 |4475|42042168747|41867804501|41867804552|42042407888
06/30/13|11:40:43,215416 |75|42043181081|41868624861|41868624902|42043214193
06/30/13|11:40:44,438339 |4475|42044183482|41869833940|41869833994|42044436959
06/30/13|11:40:45,254511 |75|42045219678|41870661800|41870661842|42045253267
06/30/13|11:40:46,464040 |4475|42046222136|41871859062|41871859117|42046462747
06/30/13|11:40:47,264942 |75|42047231232|41872674543|41872674583|42047263703
06/30/13|11:40:48,488109 |4475|42048233729|41873883464|41873883514|42048486759
06/30/13|11:40:49,303918 |75|42049270339|41874713556|41874713600|42049302727
06/30/13|11:40:50,515608 |4475|42050272857|41875911005|41875911052|42050513951
06/30/13|11:40:51,314420 |75|42051281126|41876724063|41876724109|42051313199
06/30/13|11:40:52,537009 |4475|42052283528|41877932626|41877932674|42052535649
06/30/13|11:40:53,357293 |75|42053324697|41878767533|41878767577|42053356456
06/30/13|11:40:54,583391 |4475|42054326755|41879979071|41879979120|42054581895
06/30/13|11:40:55,397462 |75|42055364692|41880807066|41880807110|42055396225
06/30/13|11:40:56,621639 |4475|42056367005|41882017970|41882018023|42056620701
06/30/13|11:40:57,438061 |75|42057404741|41882847563|41882847609|42057436811
06/30/13|11:40:58,659915 |4475|42058407018|41884056158|41884056237|42058658984
06/30/13|11:40:59,477387 |75|42059444841|41884887031|41884887078|42059476161
06/30/13|11:41:00,693538 |4475|42060447171|41886089143|41886089191|42060692188
06/30/13|11:41:01,493713 |75|42061459543|41886902730|41886902775|42061492485
06/30/13|11:41:02,717238 |4475|42062461833|41888113331|41888113382|42062716318
06/30/13|11:41:03,534838 |75|42063500428|41888943698|41888943738|42063533480
06/30/13|11:41:04,743557 |4475|42064502368|41890139471|41890139523|42064742141
06/30/13|11:41:05,536983 |75|42065504308|41890946263|41890946304|42065535691
06/30/13|11:41:06,760737 |4475|42066506648|41892157067|41892157120|42066759800
06/30/13|11:41:07,576136 |75|42067542379|41892984878|41892984919|42067575288
06/30/13|11:41:08,794559 |4475|42068544679|41894190349|41894190401|42068793626
06/30/13|11:41:09,605871 |75|42069571639|41895014846|41895014888|42069604638
06/30/13|11:41:10,818190 |4475|42070573877|41896214483|41896214534|42070817258
06/30/13|11:41:11,664649 |75|42071580801|41897074127|41897074192|42071663423
06/30/13|11:41:12,826255 |4475|42072583168|41898219750|41898219801|42072825335
06/30/13|11:41:13,664008 |75|42073631178|41899073249|41899073340|42073662785
06/30/13|11:41:14,888130 |4475|42074633657|41900283778|41900283835|42074887207
06/30/13|11:41:15,715695 |75|42075682115|41901125156|41901125199|42075714386
06/30/13|11:41:16,938734 |4475|42076684554|41902334110|41902334160|42076937292
06/30/13|11:41:17,752885 |75|42077720330|41903162804|41903162849|42077751655
06/30/13|11:41:18,970456 |4475|42078722744|41904363960|41904364009|42078969521
06/30/13|11:41:19,764536 |75|42079731331|41905174255|41905174301|42079763377
06/30/13|11:41:20,974544 |4475|42080733775|41906370698|41906370748|42080973712
06/30/13|11:41:21,778362 |75|42081744709|41907187984|41907188027|42081777146
06/30/13|11:41:23,000266 |4475|42082747202|41908396198|41908396248|42082999413
06/30/13|11:41:23,822049 |75|42083788628|41909231675|41909231721|42083820724
06/30/13|11:41:25,041504 |4475|42084790978|41910438090|41910438140|42085040668
06/30/13|11:41:25,861042 |75|42085827473|41911270344|41911270390|42085859698
06/30/13|11:41:27,089384 |4475|42086830145|41912485023|41912485075|42087088139
06/30/13|11:41:27,896532 |75|42087862948|41913305937|41913305985|42087895191
06/30/13|11:41:29,111859 |4475|42088865273|41914508299|41914508349|42089111007
06/30/13|11:41:29,923680 |75|42089881036|41915330558|41915330602|42089922282
06/30/13|11:41:31,131672 |4475|42090883370|41916528093|41916528147|42091130835
06/30/13|11:41:31,951588 |75|42091919491|41917361084|41917361130|42091950141
06/30/13|11:41:33,167261 |4475|42092921891|41918563338|41918563390|42093166379
06/30/13|11:41:33,965521 |75|42093931156|41919374389|41919374431|42093964181
06/30/13|11:41:35,184959 |4475|42094933493|41920579914|41920579965|42095183741
06/30/13|11:41:35,969243 |75|42095936658|41921378950|41921378994|42095968017
06/30/13|11:41:37,289413 |4475|42096939155|41922685319|41922685371|42097288463
06/30/13|11:41:38,095741 |75|42097980168|41923505330|41923505372|42098094791
06/30/13|11:41:39,214571 |4475|42098982047|41924611045|41924611098|42099213705
06/30/13|11:41:40,030701 |75|42099996659|41925439054|41925439095|42100028471
06/30/13|11:41:41,254358 |4475|42100999012|41926649785|41926649838|42101253095
06/30/13|11:41:42,073595 |75|42102039922|41927482951|41927482995|42102072238
06/30/13|11:41:43,296599 |4475|42103042423|41928692344|41928692395|42103295704
06/30/13|11:41:44,121417 |75|42104088796|41929530722|41929530766|42104120063
06/30/13|11:41:45,342863 |4475|42105091175|41930738826|41930738878|42105341567
06/30/13|11:41:46,154018 |75|42106120567|41931563321|41931563366|42106152618
06/30/13|11:41:47,362217 |4475|42107122469|41932757704|41932757754|42107360942
06/30/13|11:41:48,164958 |75|42108131273|41933573832|41933573877|42108163585
06/30/13|11:41:49,388927 |4475|42109133948|41934785483|41934785540|42109388120
06/30/13|11:41:50,177440 |75|42110144979|41935586956|41935587002|42110176188
06/30/13|11:41:51,394796 |4475|42111147032|41936790390|41936790441|42111393499
06/30/13|11:41:52,187254 |75|42112152669|41937594749|41937594795|42112185969
06/30/13|11:41:53,403524 |4475|42113155060|41938799377|41938799426|42113402227
06/30/13|11:41:54,214983 |75|42114181976|41939624490|41939624536|42114213594
06/30/13|11:41:55,436844 |4475|42115184341|41940832700|41940832750|42115435967
06/30/13|11:41:56,252091 |75|42116219400|41941661617|41941661664|42116250729
06/30/13|11:41:57,473677 |4475|42117221708|41942866209|41942866309|42117472427
06/30/13|11:41:58,269438 |75|42118236701|41943679142|41943679217|42118268083
06/30/13|11:41:59,494405 |4475|42119239057|41944890516|41944890568|42119493136
06/30/13|11:42:00,309355 |75|42120276807|41945718785|41945718830|42120308053
06/30/13|11:42:01,533648 |4475|42121279267|41946929597|41946929651|42121532400
06/30/13|11:42:02,354650 |75|42122319839|41947763151|41947763196|42122353275
06/30/13|11:42:03,580230 |4475|42123322116|41948976377|41948976429|42123579258
06/30/13|11:42:04,357602 |75|42124324058|41949766847|41949766889|42124356398
06/30/13|11:42:05,612856 |4475|42125326547|41951008645|41951008698|42125611728
06/30/13|11:42:06,361644 |75|42126328512|41951771143|41951771186|42126360406
06/30/13|11:42:07,578525 |4475|42127330991|41952975015|41952975067|42127577634
06/30/13|11:42:08,386478 |75|42128352663|41953795601|41953795644|42128385211
06/30/13|11:42:09,614680 |4475|42129355049|41955009994|41955010047|42129613357
06/30/13|11:42:10,400305 |75|42130368221|41955809839|41955809879|42130399033
06/30/13|11:42:11,613189 |4475|42131370744|41957008791|41957008846|42131611929
06/30/13|11:42:12,469246 |75|42132381321|41957878247|41957878289|42132467985
06/30/13|11:42:13,612752 |4475|42133384010|41959008444|41959008553|42133611504
06/30/13|11:42:14,419849 |75|42134386328|41959828883|41959828927|42134418557
06/30/13|11:42:15,637886 |4475|42135388297|41961030317|41961030365|42135637019
06/30/13|11:42:16,425527 |75|42136393494|41961835229|41961835275|42136424278
06/30/13|11:42:17,688182 |4475|42137395972|41963083398|41963083447|42137686340
06/30/13|11:42:18,430412 |75|42138398125|41963839592|41963839636|42138429101
06/30/13|11:42:19,644335 |4475|42139400992|41965039482|41965039531|42139643043
06/30/13|11:42:20,435143 |75|42140403044|41965844464|41965844507|42140433852
06/30/13|11:42:21,654020 |4475|42141405360|41967050011|41967050060|42141652762
06/30/13|11:42:22,463559 |75|42142431126|41967872207|41967872252|42142462136
06/30/13|11:42:23,690423 |4475|42143433577|41969085885|41969085933|42143689163
06/30/13|11:42:24,499523 |75|42144466369|41969909370|41969909415|42144498573
06/30/13|11:42:25,712107 |4475|42145468732|41971107755|41971107803|42145711248
06/30/13|11:42:26,507741 |75|42146474849|41971916949|41971916994|42146506455
06/30/13|11:42:27,753229 |4475|42147477170|41973148980|41973149030|42147752388
06/30/13|11:42:28,514905 |75|42148481217|41973923423|41973923466|42148513606
06/30/13|11:42:29,738645 |4475|42149483638|41975134256|41975134320|42149737732
06/30/13|11:42:30,549580 |75|42150516678|41975958201|41975958244|42150547081
06/30/13|11:42:31,781380 |4475|42151519124|41977175548|41977175601|42151780081
06/30/13|11:42:32,554593 |75|42152521009|41977963718|41977963761|42152553360
06/30/13|11:42:33,776157 |4475|42153523768|41979170862|41979170914|42153774883
06/30/13|11:42:34,558688 |75|42154525737|41979967754|41979967804|42154557367
06/30/13|11:42:35,778225 |4475|42155528018|41981173152|41981173205|42155776980
06/30/13|11:42:36,563424 |75|42156530261|41981972618|41981972660|42156562195
06/30/13|11:42:37,782863 |4475|42157532974|41983178270|41983178321|42157781549
06/30/13|11:42:38,587814 |75|42158554503|41983996997|41983997039|42158586474
06/30/13|11:42:39,812313 |4475|42159556831|41985208138|41985208190|42159811060
06/30/13|11:42:40,627117 |75|42160593608|41986035726|41986035767|42160625718
06/30/13|11:42:41,849687 |4475|42161595759|41987244643|41987244698|42161848420
06/30/13|11:42:42,664450 |75|42162631057|41988073445|41988073486|42162663080
06/30/13|11:42:43,884438 |4475|42163633365|41989279917|41989279969|42163883163
06/30/13|11:42:44,710328 |75|42164675726|41990119442|41990119485|42164709044
06/30/13|11:42:45,936546 |4475|42165678201|41991326797|41991326844|42165935307
06/30/13|11:42:46,748131 |75|42166715098|41992157253|41992157298|42166747041
06/30/13|11:42:47,970012 |4475|42167717476|41993365564|41993365613|42167968751
06/30/13|11:42:48,761765 |75|42168728016|41994170483|41994170527|42168760398
06/30/13|11:42:49,976701 |4475|42169730215|41995372482|41995372530|42169975851
06/30/13|11:42:50,777220 |75|42170744011|41996186303|41996186346|42170775846
06/30/13|11:42:52,004115 |4475|42171746509|41997397176|41997397228|42172002826
06/30/13|11:42:52,816489 |75|42172782523|41998225434|41998225479|42172815121
06/30/13|11:42:54,025989 |4475|42173784912|41999421561|41999421610|42174024734
06/30/13|11:42:54,835362 |75|42174801129|42000243950|42000243995|42174833943
06/30/13|11:42:56,057614 |4475|42175803539|42001452896|42001452945|42176056366
06/30/13|11:42:56,880279 |75|42176846919|42002288023|42002288067|42176877925
06/30/13|11:42:58,088991 |4475|42177849483|42003484503|42003484580|42178087735
06/30/13|11:42:58,884423 |75|42178851522|42004293334|42004293379|42178883177
06/30/13|11:43:00,096885 |4475|42179853822|42005492305|42005492356|42180095496
06/30/13|11:43:00,919712 |75|42180887257|42006329227|42006329267|42180918409
06/30/13|11:43:02,144222 |4475|42181889595|42007539433|42007539487|42182142816
06/30/13|11:43:02,964368 |75|42182930089|42008372433|42008372474|42182963123
06/30/13|11:43:04,188896 |4475|42183932019|42009584013|42009584066|42184187525
06/30/13|11:43:05,003170 |75|42184969740|42010412327|42010412366|42185001896
06/30/13|11:43:06,211407 |4475|42185972061|42011606720|42011606772|42186209894
06/30/13|11:43:07,006966 |75|42186973942|42012416178|42012416220|42187005726
06/30/13|11:43:08,214971 |4475|42187976384|42013610458|42013610509|42188213672
06/30/13|11:43:09,014075 |75|42188981178|42014423117|42014423158|42189012876
06/30/13|11:43:10,235264 |4475|42189983673|42015630620|42015630670|42190233954
06/30/13|11:43:11,062266 |75|42191028801|42016471032|42016471073|42191060902
06/30/13|11:43:12,330028 |4475|42192031178|42017720070|42017720121|42192329037
06/30/13|11:43:13,078943 |75|42193044810|42018487033|42018487072|42193077514
06/30/13|11:43:14,300529 |4475|42194047357|42019695442|42019695543|42194299649
06/30/13|11:43:15,120105 |75|42195087386|42020529123|42020529172|42195118760
06/30/13|11:43:16,338325 |4475|42196089879|42021733526|42021733579|42196337077
06/30/13|11:43:17,148593 |75|42197115238|42022557738|42022557784|42197147248
06/30/13|11:43:18,361577 |4475|42198117533|42023753108|42023753157|42198360325
06/30/13|11:43:19,157978 |75|42199124798|42024566940|42024566983|42199156585
06/30/13|11:43:20,371512 |4475|42200127371|42025766681|42025766731|42200370260
06/30/13|11:43:21,165035 |75|42201131217|42026573688|42026573733|42201163697
06/30/13|11:43:22,387002 |4475|42202133525|42027782900|42027782951|42202385689
06/30/13|11:43:23,214792 |75|42203180815|42028623195|42028623240|42203213025
06/30/13|11:43:24,439392 |4475|42204183168|42029834806|42029834857|42204438119
06/30/13|11:43:25,259146 |75|42205224798|42030667527|42030667572|42205257721
06/30/13|11:43:26,467193 |4475|42206227338|42031862987|42031863039|42206466266
06/30/13|11:43:27,264089 |75|42207229455|42032672540|42032672587|42207262729
06/30/13|11:43:28,488673 |4475|42208231786|42033883884|42033883937|42208487097
06/30/13|11:43:29,308629 |75|42209275237|42034717273|42034717318|42209307306
06/30/13|11:43:30,527914 |4475|42210277751|42035923090|42035923142|42210526679
06/30/13|11:43:31,353049 |75|42211319690|42036761938|42036761981|42211351686
06/30/13|11:43:32,562831 |4475|42212322094|42037958501|42037958554|42212561539
06/30/13|11:43:33,364759 |75|42213331248|42038774025|42038774067|42213363388
06/30/13|11:43:34,573421 |4475|42214333740|42039968848|42039968901|42214572203
06/30/13|11:43:35,369609 |75|42215336650|42040779038|42040779078|42215368368
06/30/13|11:43:36,598644 |4475|42216339196|42041990863|42041990916|42216597258
06/30/13|11:43:37,518983 |75|42217375096|42042927254|42042927296|42217518098
06/30/13|11:43:38,628283 |4475|42218377579|42044023847|42044023901|42218627402
06/30/13|11:43:39,413232 |75|42219380093|42044821960|42044822002|42219411982
06/30/13|11:43:40,632312 |4475|42220381707|42046027644|42046027695|42220631339
06/30/13|11:43:41,451769 |75|42221418197|42046861052|42046861096|42221450495
06/30/13|11:43:42,659209 |4475|42222420340|42048054539|42048054592|42222658115
06/30/13|11:43:43,463265 |75|42223430740|42048872251|42048872293|42223461866
06/30/13|11:43:44,672272 |4475|42224433067|42050068537|42050068588|42224671449
06/30/13|11:43:45,469346 |75|42225436710|42050878738|42050878784|42225468112
06/30/13|11:43:46,675430 |4475|42226439215|42052070863|42052070915|42226674297
06/30/13|11:43:47,474659 |75|42227441073|42052883490|42052883535|42227473426
06/30/13|11:43:48,694218 |4475|42228443544|42054089642|42054089691|42228693352
06/30/13|11:43:49,524103 |75|42229488819|42054931375|42054931428|42229522445
06/30/13|11:43:50,732275 |4475|42230491255|42056127547|42056127598|42230731429
06/30/13|11:43:51,530740 |75|42231497600|42056939130|42056939179|42231529306
06/30/13|11:43:52,751842 |4475|42232499890|42058146449|42058146499|42232750377
06/30/13|11:43:53,567932 |75|42233535852|42058976859|42058976905|42233566708
06/30/13|11:43:54,780280 |4475|42234538203|42060174099|42060174150|42234778046
06/30/13|11:43:55,577862 |75|42235544467|42060986690|42060986734|42235576630
06/30/13|11:43:56,800413 |4475|42236546749|42062196033|42062196086|42236799460
06/30/13|11:43:57,620269 |75|42237584767|42063029170|42063029216|42237619035
06/30/13|11:43:58,836460 |4475|42238587269|42064230814|42064230896|42238835520
06/30/13|11:43:59,639750 |75|42239607753|42065048405|42065048452|42239638458
06/30/13|11:44:00,858941 |4475|42240609954|42066253966|42066254019|42240857482
06/30/13|11:44:01,643475 |75|42241611551|42067052746|42067052791|42241642573
06/30/13|11:44:02,865872 |4475|42242613838|42068261379|42068261434|42242864593
06/30/13|11:44:03,690231 |75|42243656796|42069098980|42069099023|42243688983
06/30/13|11:44:04,907605 |4475|42244659341|42070302677|42070302729|42244906727
06/30/13|11:44:05,709658 |75|42245676687|42071118348|42071118388|42245708280
06/30/13|11:44:06,922154 |4475|42246679263|42072318206|42072318261|42246921295
06/30/13|11:44:07,727999 |75|42247692355|42073134139|42073134193|42247726683
06/30/13|11:44:08,948508 |4475|42248694585|42074343770|42074343823|42248947646
06/30/13|11:44:09,764284 |75|42249732221|42075173062|42075173104|42249763350
06/30/13|11:44:10,986957 |4475|42250734524|42076382322|42076382374|42250986075
06/30/13|11:44:11,856527 |75|42251767715|42077265236|42077265281|42251855144
06/30/13|11:44:12,999519 |4475|42252770183|42078392053|42078392101|42252998343
06/30/13|11:44:13,813792 |75|42253780800|42079222592|42079222689|42253812940
06/30/13|11:44:15,035157 |4475|42254783128|42080430328|42080430380|42255034178
06/30/13|11:44:15,857532 |75|42255824304|42081266405|42081266449|42255856277
06/30/13|11:44:17,070851 |4475|42256826764|42082466553|42082466603|42257069873
06/30/13|11:44:17,865699 |75|42257831328|42083273860|42083273901|42257864442
06/30/13|11:44:19,075710 |4475|42258833666|42084471336|42084471391|42259074878
06/30/13|11:44:19,877743 |75|42259844923|42085286832|42085286875|42259876531
06/30/13|11:44:21,100742 |4475|42260847340|42086495807|42086495856|42261099874
06/30/13|11:44:21,917363 |75|42261884706|42087326252|42087326295|42261916015
06/30/13|11:44:23,141368 |4475|42262887071|42088537051|42088537097|42263140511
06/30/13|11:44:23,961155 |75|42263928134|42089370082|42089370125|42263959769
06/30/13|11:44:25,171747 |4475|42264930350|42090567205|42090567252|42265170915
06/30/13|11:44:25,965564 |75|42265932228|42091374855|42091374897|42265964334
06/30/13|11:44:27,188361 |4475|42266934506|42092583761|42092583814|42267187404
06/30/13|11:44:28,003992 |75|42267971057|42093413300|42093413343|42268002822
06/30/13|11:44:29,226903 |4475|42268973041|42094622445|42094622496|42269225930
06/30/13|11:44:30,041063 |75|42270007694|42095449278|42095449319|42270039827
06/30/13|11:44:31,264159 |4475|42271010174|42096659983|42096660035|42271263232
06/30/13|11:44:32,081679 |75|42272048459|42097490658|42097490699|42272080802
06/30/13|11:44:33,305822 |4475|42273050773|42098701512|42098701562|42273304938
06/30/13|11:44:34,126376 |75|42274092852|42099534810|42099534849|42274125141
06/30/13|11:44:35,348095 |4475|42275095422|42100742854|42100742903|42275346705
06/30/13|11:44:36,164005 |75|42276130109|42101572869|42101572911|42276162744
06/30/13|11:44:37,378251 |4475|42277131976|42102773358|42102773409|42277377312
06/30/13|11:44:38,180215 |75|42278146729|42103588931|42103588971|42278178926
06/30/13|11:44:39,400015 |4475|42279149285|42104795169|42104795220|42279398528
06/30/13|11:44:40,207727 |75|42280174588|42105616611|42105616651|42280206847
06/30/13|11:44:41,411547 |4475|42281176646|42106807257|42106807309|42281410567
06/30/13|11:44:42,212698 |75|42282180749|42107621646|42107621687|42282211751
06/30/13|11:44:43,435195 |4475|42283183059|42108829732|42108829780|42283433753
06/30/13|11:44:44,250932 |75|42284216366|42109657510|42109657556|42284249630
06/30/13|11:44:45,454910 |4475|42285218535|42110849271|42110849319|42285453531
06/30/13|11:44:46,263247 |75|42286231040|42111672568|42111672613|42286261998
06/30/13|11:44:47,484365 |4475|42287233063|42112879095|42112879144|42287482988
06/30/13|11:44:48,300811 |75|42288267094|42113709562|42113709605|42288299562
06/30/13|11:44:49,508761 |4475|42289269073|42114903071|42114903124|42289507300
06/30/13|11:44:50,313716 |75|42290280480|42115721964|42115722007|42290312460
06/30/13|11:44:51,524813 |4475|42291283033|42116919198|42116919249|42291523214
06/30/13|11:44:52,317516 |75|42292284661|42117726212|42117726254|42292316266
06/30/13|11:44:53,533167 |4475|42293286957|42118927364|42118927412|42293531819
06/30/13|11:44:54,333949 |75|42294300001|42119742464|42119742508|42294332719
06/30/13|11:44:55,542965 |4475|42295302471|42120937677|42120937725|42295541540
06/30/13|11:44:56,342067 |75|42296308812|42121750906|42121750952|42296340812
06/30/13|11:44:57,561043 |4475|42297311330|42122955842|42122955894|42297559658
06/30/13|11:44:58,360660 |75|42298327035|42123769052|42123769118|42298359408
06/30/13|11:44:59,568725 |4475|42299329569|42124963331|42124963386|42299567781
06/30/13|11:45:00,370957 |75|42300337222|42125779546|42125779614|42300369638
06/30/13|11:45:01,596068 |4475|42301339701|42126991216|42126991280|42301595094
06/30/13|11:45:02,409468 |75|42302376107|42127818607|42127818650|42302408560
06/30/13|11:45:03,628925 |4475|42303378107|42129023531|42129023583|42303627546
06/30/13|11:45:04,443986 |75|42304411728|42129852442|42129852483|42304442706
06/30/13|11:45:05,661715 |4475|42305414031|42131056523|42131056573|42305660336
06/30/13|11:45:06,464156 |75|42306431155|42131872252|42131872293|42306462917
06/30/13|11:45:07,686855 |4475|42307433598|42133081760|42133081812|42307685363
06/30/13|11:45:08,501258 |75|42308467896|42133909917|42133909959|42308500015
06/30/13|11:45:09,716692 |4475|42309470415|42135111492|42135111546|42309715744
06/30/13|11:45:10,513887 |75|42310482161|42135922824|42135922864|42310512649
06/30/13|11:45:11,793952 |4475|42311484416|42137189141|42137189191|42311793000
06/30/13|11:45:12,574524 |75|42312540815|42137982929|42137982973|42312573287
06/30/13|11:45:13,777104 |4475|42313543310|42139172114|42139172220|42313776270
06/30/13|11:45:14,578867 |75|42314545257|42139987519|42139987596|42314577605
06/30/13|11:45:15,798153 |4475|42315547306|42141193130|42141193179|42315797296
06/30/13|11:45:16,616304 |75|42316583579|42142024306|42142024353|42316614956
06/30/13|11:45:17,835987 |4475|42317585665|42143231500|42143231549|42317835110
06/30/13|11:45:18,665777 |75|42318632102|42144074021|42144074064|42318664421
06/30/13|11:45:19,876720 |4475|42319634547|42145271634|42145271683|42319875497
06/30/13|11:45:20,669459 |75|42320636521|42146077771|42146077813|42320668228
06/30/13|11:45:21,888690 |4475|42321638958|42147283986|42147284037|42321887752
06/30/13|11:45:22,694963 |75|42322661894|42148103445|42148103487|42322693650
06/30/13|11:45:23,915250 |4475|42323664203|42149308777|42149308825|42323914121
06/30/13|11:45:24,742471 |75|42324708858|42150150433|42150150477|42324741235
06/30/13|11:45:25,964756 |4475|42325711330|42151359643|42151359694|42325963820
06/30/13|11:45:26,782225 |75|42326748686|42152190879|42152190926|42326780990
06/30/13|11:45:28,004953 |4475|42327751130|42153399946|42153400001|42328004067
06/30/13|11:45:28,825330 |75|42328793281|42154233858|42154233899|42328824097
06/30/13|11:45:30,041183 |4475|42329795778|42155433060|42155433113|42330040243
06/30/13|11:45:30,837962 |75|42330804718|42156246603|42156246643|42330836720
06/30/13|11:45:32,054973 |4475|42331807157|42157449948|42157450002|42332053862
06/30/13|11:45:32,862924 |75|42332831080|42158271508|42158271551|42332861666
06/30/13|11:45:34,084789 |4475|42333833406|42159479926|42159479978|42334083848
06/30/13|11:45:34,892696 |75|42334859560|42160300947|42160300986|42334891444
06/30/13|11:45:36,117095 |4475|42335862030|42161511921|42161511973|42336116153
06/30/13|11:45:37,021695 |75|42336901020|42162430326|42162430371|42337020394
06/30/13|11:45:38,239668 |4475|42337903628|42163634655|42163634706|42338238683
06/30/13|11:45:39,003568 |75|42338970430|42164412126|42164412178|42339002282
06/30/13|11:45:40,214085 |4475|42339972875|42165609357|42165609412|42340213217
06/30/13|11:45:41,024432 |75|42340991861|42166432969|42166433010|42341023201
06/30/13|11:45:42,246971 |4475|42341994391|42167642154|42167642218|42342245960
06/30/13|11:45:43,063945 |75|42343030146|42168472179|42168472223|42343062515
06/30/13|11:45:44,285651 |4475|42344032499|42169680872|42169680924|42344284788
06/30/13|11:45:45,100239 |75|42345068490|42170509033|42170509080|42345098865
06/30/13|11:45:46,324654 |4475|42346070767|42171719764|42171719815|42346323434
06/30/13|11:45:47,137089 |75|42347103995|42172544854|42172544900|42347135728
06/30/13|11:45:48,351396 |4475|42348106360|42173746775|42173746825|42348350481
06/30/13|11:45:49,160863 |75|42349126979|42174569239|42174569284|42349159516
06/30/13|11:45:50,384898 |4475|42350129298|42175778936|42175778986|42350384024
06/30/13|11:45:51,204833 |75|42351171859|42176613142|42176613187|42351203475
06/30/13|11:45:52,425760 |4475|42352174161|42177821449|42177821498|42352424907
06/30/13|11:45:53,240628 |75|42353208699|42178648951|42178648994|42353239240
06/30/13|11:45:54,464003 |4475|42354210775|42179858615|42179858665|42354462745
06/30/13|11:45:55,281937 |75|42355248807|42180690424|42180690469|42355280578
06/30/13|11:45:56,503995 |4475|42356251245|42181898512|42181898568|42356502739
06/30/13|11:45:57,320094 |75|42357287005|42182728273|42182728315|42357318732
06/30/13|11:45:58,537141 |4475|42358289279|42183931579|42183931660|42358535900
06/30/13|11:45:59,354224 |75|42359321661|42184762401|42184762444|42359352872
06/30/13|11:46:00,564363 |4475|42360323946|42185959157|42185959209|42360563129
06/30/13|11:46:01,364290 |75|42361331236|42186772150|42186772193|42361362946
06/30/13|11:46:02,583890 |4475|42362333251|42187978113|42187978179|42362582565
06/30/13|11:46:03,393351 |75|42363360027|42188801493|42188801536|42363391970
06/30/13|11:46:04,649384 |4475|42364362403|42190044378|42190044433|42364648141
06/30/13|11:46:05,399128 |75|42365364344|42190806071|42190806111|42365397840
06/30/13|11:46:06,609681 |4475|42366366929|42192004179|42192004233|42366608511
06/30/13|11:46:07,407979 |75|42367374696|42192816518|42192816562|42367406777
06/30/13|11:46:08,633087 |4475|42368377012|42194028555|42194028608|42368632200
06/30/13|11:46:09,416476 |75|42369385112|42194825031|42194825074|42369415529
06/30/13|11:46:10,640398 |4475|42370387324|42196035281|42196035329|42370639514
06/30/13|11:46:11,461445 |75|42371427523|42196869306|42196869351|42371460078
06/30/13|11:46:12,737174 |4475|42372430222|42198131166|42198131216|42372735916
06/30/13|11:46:13,511328 |75|42373474889|42198916381|42198916482|42373507274
06/30/13|11:46:14,720196 |4475|42374476840|42200113668|42200113722|42374718975
06/30/13|11:46:15,514911 |75|42375481213|42200923340|42200923383|42375513626
06/30/13|11:46:16,735918 |4475|42376483596|42202130996|42202131046|42376734985
06/30/13|11:46:17,562109 |75|42377529086|42202970793|42202970836|42377561171
06/30/13|11:46:18,797766 |4475|42378532150|42204192411|42204192461|42378796273
06/30/13|11:46:19,638849 |75|42379604776|42205046931|42205046975|42379637541
06/30/13|11:46:20,856545 |4475|42380607196|42206251692|42206251740|42380855612
06/30/13|11:46:21,664466 |75|42381631091|42207072385|42207072430|42381663234
06/30/13|11:46:22,885126 |4475|42382633524|42208279161|42208279209|42382883746
06/30/13|11:46:23,701588 |75|42383669316|42209109664|42209109709|42383700347
06/30/13|11:46:24,925659 |4475|42384671975|42210320800|42210320852|42384924745
06/30/13|11:46:25,745386 |75|42385712681|42211153921|42211153963|42385744151
06/30/13|11:46:26,969775 |4475|42386715283|42212364571|42212364627|42386968840
06/30/13|11:46:27,789358 |75|42387756211|42213197415|42213197455|42387788118
06/30/13|11:46:29,017944 |4475|42388758568|42214409695|42214409747|42389016974
06/30/13|11:46:29,830866 |75|42389796853|42215238259|42215238299|42389828624
06/30/13|11:46:31,052114 |4475|42390799309|42216447152|42216447202|42391051169
06/30/13|11:46:31,868922 |75|42391835961|42217277647|42217277691|42391867574
06/30/13|11:46:33,091476 |4475|42392837894|42218486188|42218486239|42393090452
06/30/13|11:46:33,909447 |75|42393876527|42219318360|42219318400|42393908646
06/30/13|11:46:35,122096 |4475|42394878822|42220515644|42220515694|42395120601
06/30/13|11:46:35,915301 |75|42395881527|42221323259|42221323298|42395914005
06/30/13|11:46:37,138319 |4475|42396883958|42222532607|42222532660|42397137209
06/30/13|11:46:37,960624 |75|42397927340|42223368781|42223368820|42397959110
06/30/13|11:46:39,166102 |4475|42398930204|42224560688|42224560740|42399164744
06/30/13|11:46:39,964716 |75|42399932130|42225372895|42225372935|42399963481
06/30/13|11:46:41,191144 |4475|42400934418|42226584871|42226584923|42401189747
06/30/13|11:46:42,009122 |75|42401975785|42227417310|42227417358|42402007965
06/30/13|11:46:43,219691 |4475|42402978078|42228614597|42228614644|42403218766
06/30/13|11:46:44,012799 |75|42403979479|42229421449|42229421495|42404011956
06/30/13|11:46:45,236561 |4475|42404981763|42230631398|42230631447|42405235628
06/30/13|11:46:46,057379 |75|42406023327|42231465336|42231465379|42406056061
06/30/13|11:46:47,272451 |4475|42407025686|42232667063|42232667113|42407271512
06/30/13|11:46:48,062793 |75|42408030019|42233471059|42233471101|42408061590
06/30/13|11:46:49,266462 |4475|42409032339|42234660349|42234660399|42409265214
06/30/13|11:46:50,067785 |75|42410034875|42235476006|42235476049|42410066518
06/30/13|11:46:51,278158 |4475|42411036814|42236672277|42236672326|42411276928
06/30/13|11:46:52,078391 |75|42412045818|42237486288|42237486333|42412077044
06/30/13|11:46:53,300076 |4475|42413048156|42238694452|42238694499|42413299204
06/30/13|11:46:54,119086 |75|42414084763|42239526817|42239526872|42414117644
06/30/13|11:46:55,329934 |4475|42415087370|42240724789|42240724843|42415329036
06/30/13|11:46:56,135835 |75|42416102331|42241543754|42241543793|42416134403
06/30/13|11:46:57,345503 |4475|42417104896|42242740320|42242740375|42417344638
06/30/13|11:46:58,145578 |75|42418112544|42243554224|42243554294|42418144636
06/30/13|11:46:59,371073 |4475|42419114734|42244765389|42244765444|42419369771
06/30/13|11:47:00,186261 |75|42420150572|42245592463|42245592504|42420184889
06/30/13|11:47:01,403044 |4475|42421152967|42246798119|42246798189|42421402159
06/30/13|11:47:02,226083 |75|42422192756|42247634316|42247634358|42422224732
06/30/13|11:47:03,444884 |4475|42423195157|42248839092|42248839144|42423443506
06/30/13|11:47:04,248439 |75|42424214856|42249655725|42249655766|42424247080
06/30/13|11:47:05,467554 |4475|42425217122|42250861692|42250861742|42425466255
06/30/13|11:47:06,275698 |75|42426242645|42251683462|42251683505|42426274284
06/30/13|11:47:07,495253 |4475|42427244961|42252889088|42252889140|42427493991
06/30/13|11:47:08,319930 |75|42428286560|42253727869|42253727909|42428318537
06/30/13|11:47:09,525983 |4475|42429288962|42254921037|42254921086|42429525059
06/30/13|11:47:10,330055 |75|42430297613|42255738103|42255738147|42430329004
06/30/13|11:47:11,553263 |4475|42431299813|42256947794|42256947844|42431552410
06/30/13|11:47:12,418729 |75|42432334841|42257826603|42257826648|42432417330
06/30/13|11:47:13,568858 |4475|42433337311|42258962988|42258963090|42433568000
06/30/13|11:47:14,385288 |75|42434352661|42259793172|42259793246|42434384038
06/30/13|11:47:15,584760 |4475|42435355107|42260978565|42260978618|42435583377
06/30/13|11:47:16,393566 |75|42436360654|42261801661|42261801709|42436392327
06/30/13|11:47:17,611371 |4475|42437362702|42263006304|42263006354|42437610374
06/30/13|11:47:18,437346 |75|42438404751|42263845001|42263845045|42438436103
06/30/13|11:47:19,656595 |4475|42439406775|42265051170|42265051219|42439655227
06/30/13|11:47:20,457509 |75|42440423710|42265865691|42265865748|42440456277
06/30/13|11:47:21,676823 |4475|42441426170|42267071797|42267071848|42441675889
06/30/13|11:47:22,501872 |75|42442468196|42267909096|42267909141|42442500359
06/30/13|11:47:23,721006 |4475|42443470711|42269112191|42269112245|42443719608
06/30/13|11:47:24,514356 |75|42444481209|42269921536|42269921580|42444512982
06/30/13|11:47:25,728383 |4475|42445483732|42271122624|42271122676|42445726713
06/30/13|11:47:26,530159 |75|42446497081|42271937029|42271937074|42446527966
06/30/13|11:47:27,750928 |4475|42447499164|42273145560|42273145614|42447749863
06/30/13|11:47:28,537363 |75|42448503182|42273943833|42273943876|42448536128
06/30/13|11:47:29,754973 |4475|42449505384|42275149637|42275149689|42449754076
06/30/13|11:47:30,543537 |75|42450510122|42275951922|42275951963|42450542743
06/30/13|11:47:31,773760 |4475|42451511527|42277168443|42277168497|42451772948
06/30/13|11:47:32,544765 |75|42452513419|42277953270|42277953313|42452543530
06/30/13|11:47:33,767491 |4475|42453515707|42279161697|42279161749|42453766628
06/30/13|11:47:34,558075 |75|42454524339|42279966165|42279966219|42454556836
06/30/13|11:47:35,772086 |4475|42455526998|42281165985|42281166036|42455770803
06/30/13|11:47:36,563234 |75|42456528725|42281970998|42281971043|42456562079
06/30/13|11:47:37,786480 |4475|42457531130|42283180259|42283180311|42457785100
06/30/13|11:47:38,565285 |75|42458533095|42283973609|42283973653|42458564036
06/30/13|11:47:39,777537 |4475|42459535614|42285170875|42285170924|42459775580
06/30/13|11:47:40,570371 |75|42460537519|42285978828|42285978872|42460569122
06/30/13|11:47:41,783562 |4475|42461539659|42287178006|42287178057|42461782182
06/30/13|11:47:42,598540 |75|42462564781|42288006215|42288006261|42462597157
06/30/13|11:47:43,811955 |4475|42463566936|42289205733|42289205782|42463810692
06/30/13|11:47:44,623275 |75|42464590512|42290031065|42290031112|42464621844
06/30/13|11:47:45,846114 |4475|42465592655|42291240500|42291240550|42465845240
06/30/13|11:47:46,662663 |75|42466628533|42292068804|42292068849|42466661256
06/30/13|11:47:47,883692 |4475|42467630628|42293277831|42293277880|42467882530
06/30/13|11:47:48,714298 |75|42468680205|42294121939|42294121986|42468712950
06/30/13|11:47:49,936020 |4475|42469682101|42295330510|42295330560|42469934780
06/30/13|11:47:50,752170 |75|42470718988|42296160275|42296160321|42470750828
06/30/13|11:47:51,960749 |4475|42471721483|42297354565|42297354617|42471959497
06/30/13|11:47:52,762909 |75|42472731154|42298170569|42298170614|42472761533
06/30/13|11:47:53,979143 |4475|42473733635|42299369937|42299369998|42473977855
06/30/13|11:47:54,773142 |75|42474740598|42300180772|42300180818|42474771788
06/30/13|11:47:55,989198 |4475|42475743002|42301383166|42301383217|42475987863
06/30/13|11:47:56,794123 |75|42476760717|42302201835|42302201881|42476792746
06/30/13|11:47:58,012698 |4475|42477763272|42303407400|42303407452|42478011825
06/30/13|11:47:58,831395 |75|42478798318|42304238764|42304238834|42478829887
06/30/13|11:48:00,051978 |4475|42479800738|42305446230|42305446286|42480050718
06/30/13|11:48:00,860989 |75|42480827207|42306268390|42306268430|42480859603
06/30/13|11:48:02,085673 |4475|42481829731|42307479522|42307479577|42482084413
06/30/13|11:48:02,899839 |75|42482866376|42308307559|42308307600|42482898374
06/30/13|11:48:04,112894 |4475|42483868691|42309507216|42309507270|42484111640
06/30/13|11:48:04,914761 |75|42484881123|42310322462|42310322503|42484913376
06/30/13|11:48:06,138500 |4475|42485883507|42311532503|42311532553|42486137237
06/30/13|11:48:06,965140 |75|42486932183|42312372915|42312372961|42486963773
06/30/13|11:48:08,177763 |4475|42487934481|42313572043|42313572093|42488176446
06/30/13|11:48:08,974432 |75|42488941422|42314382309|42314382357|42488973080
06/30/13|11:48:10,194435 |4475|42489943827|42315588672|42315588721|42490193165
06/30/13|11:48:11,005550 |75|42490971553|42316413408|42316413452|42491004257
06/30/13|11:48:12,265335 |4475|42491973853|42317659363|42317659415|42492264444
06/30/13|11:48:13,014473 |75|42492981660|42318422090|42318422132|42493013092
06/30/13|11:48:14,230667 |4475|42493986268|42319623477|42319623584|42494228434
06/30/13|11:48:15,020879 |75|42494988134|42320428708|42320428755|42495019505
06/30/13|11:48:16,234272 |4475|42495990545|42321628429|42321628477|42496233003
06/30/13|11:48:17,042057 |75|42497008721|42322449596|42322449642|42497040694
06/30/13|11:48:18,253610 |4475|42498011122|42323647700|42323647747|42498252316
06/30/13|11:48:19,051899 |75|42499019093|42324459659|42324459704|42499050481
06/30/13|11:48:20,266426 |4475|42500021645|42325660647|42325660702|42500265144
06/30/13|11:48:21,063601 |75|42501031383|42326471736|42326471782|42501062132
06/30/13|11:48:22,290818 |4475|42502033914|42327685436|42327685490|42502289828
06/30/13|11:48:23,105897 |75|42503072802|42328513064|42328513107|42503104298
06/30/13|11:48:24,317906 |4475|42504075205|42329711889|42329711941|42504316549
06/30/13|11:48:25,115482 |75|42505081192|42330522462|42330522502|42505114030
06/30/13|11:48:26,324250 |4475|42506083720|42331718013|42331718062|42506323025
06/30/13|11:48:27,119588 |75|42507087362|42332527168|42332527213|42507118310
06/30/13|11:48:28,342643 |4475|42508089712|42333736851|42333736902|42508341214
06/30/13|11:48:29,159193 |75|42509125429|42334566457|42334566500|42509157901
06/30/13|11:48:30,370535 |4475|42510127704|42335763743|42335763794|42510368968
06/30/13|11:48:31,163623 |75|42511131252|42336571067|42336571107|42511161914
06/30/13|11:48:32,385011 |4475|42512133716|42337779727|42337779781|42512384064
06/30/13|11:48:33,202648 |75|42513168793|42338610230|42338610272|42513201389
06/30/13|11:48:34,434274 |4475|42514171170|42339827548|42339827601|42514432888
06/30/13|11:48:35,240690 |75|42515207752|42340648847|42340648886|42515239447
06/30/13|11:48:36,468342 |4475|42516210006|42341862690|42341862743|42516466927
06/30/13|11:48:37,281831 |75|42517250647|42342689897|42342689938|42517280566
06/30/13|11:48:38,496607 |4475|42518253172|42343890207|42343890256|42518495230
06/30/13|11:48:39,291717 |75|42519258173|42344698913|42344698959|42519290396
06/30/13|11:48:40,514886 |4475|42520259461|42345909002|42345909049|42520513758
06/30/13|11:48:41,297622 |75|42521264919|42346705120|42346705163|42521296342
06/30/13|11:48:42,515881 |4475|42522267380|42347909480|42347909532|42522514591
06/30/13|11:48:43,309884 |75|42523276253|42348717546|42348717590|42523308520
06/30/13|11:48:44,532000 |4475|42524278235|42349925545|42349925596|42524530756
06/30/13|11:48:45,319252 |75|42525284820|42350725084|42350725127|42525317998
06/30/13|11:48:46,537109 |4475|42526287335|42351930701|42351930752|42526535828
06/30/13|11:48:47,324654 |75|42527291531|42352732285|42352732329|42527323798
06/30/13|11:48:48,556085 |4475|42528293803|42353950354|42353950403|42528555098
06/30/13|11:48:49,341331 |75|42529309267|42354749019|42354749066|42529339934
06/30/13|11:48:50,564622 |4475|42530311304|42355958473|42355958521|42530563352
